0.000000 0
0.000000 0
4.750000 10
4.937500 11
9.812500 10
4.812500 10
4.937500 3
9.875000 11
4.875000 14
4.937500 3
9.937500 15
4.812500 2
4.937500 3
9.875000 3
4.812500 10
5.000000 14
9.875000 11
4.875000 10
4.937500 2
9.937500 11
4.937500 14
4.937500 3
9.937500 15
4.875000 2
4.937500 3
9.937500 3
4.875000 10
4.937500 6
9.937500 11
4.937500 10
5.000000 2
9.937500 11
5.000000 14
4.937500 2
10.000000 15
4.937500 2
4.937500 3
9.937500 3
4.937500 10
5.000000 6
9.937500 11
5.000000 10
4.937500 2
10.000000 11
4.937500 2
4.937500 3
9.937500 3
5.000000 2
4.937500 3
10.000000 3
4.812500 10
4.937500 12
9.875000 14
4.812500 2
4.875000 0
9.875000 2
4.875000 12
4.875000 0
9.875000 12
4.812500 0
4.875000 0
9.875000 0
4.812500 6
5.000000 12
9.875000 6
4.875000 8
4.937500 0
9.875000 2
4.937500 12
4.875000 0
9.937500 12
4.875000 0
4.875000 0
9.875000 0
4.875000 8
4.937500 4
9.875000 6
4.937500 8
5.000000 0
9.937500 8
5.000000 12
4.937500 0
9.937500 12
4.937500 0
4.875000 0
9.937500 0
4.937500 8
5.000000 4
9.937500 8
5.000000 8
4.937500 0
9.937500 8
4.937500 0
4.875000 0
9.937500 0
5.000000 0
4.875000 0
9.937500 0
4.875000 11
4.937500 12
9.937500 15
4.875000 3
4.875000 0
9.875000 3
4.875000 3
4.812500 0
9.875000 3
4.875000 3
4.812500 0
9.812500 0
4.875000 7
5.000000 12
9.937500 15
4.875000 3
4.937500 0
9.937500 3
4.937500 12
4.875000 0
9.875000 3
4.875000 0
4.812500 0
9.875000 0
4.875000 7
4.937500 4
9.937500 7
4.937500 8
5.000000 0
9.937500 3
5.000000 12
4.937500 0
9.937500 3
4.937500 0
4.875000 0
9.875000 0
4.937500 8
5.000000 4
9.937500 7
5.000000 8
4.937500 0
9.937500 3
4.937500 0
4.875000 0
9.875000 0
5.000000 0
4.812500 0
9.875000 0
4.812500 8
4.937500 12
9.875000 12
4.812500 0
4.875000 0
9.875000 0
4.875000 12
4.812500 0
9.812500 0
4.812500 0
4.750000 0
9.812500 0
4.812500 4
5.000000 12
9.875000 4
4.875000 8
4.937500 0
9.875000 0
4.937500 12
4.875000 0
9.875000 0
4.875000 0
4.812500 0
9.812500 0
4.875000 8
4.937500 4
9.875000 4
4.937500 8
5.000000 0
9.875000 0
5.000000 12
4.937500 0
9.875000 0
4.937500 0
4.875000 0
9.875000 0
4.937500 8
5.000000 4
9.875000 4
5.000000 8
4.937500 0
9.875000 0
4.937500 0
4.875000 0
9.875000 0
5.000000 0
4.812500 0
9.875000 0
4.812500 10
5.000000 11
9.875000 11
4.812500 2
5.000000 3
9.875000 2
4.875000 13
5.000000 3
9.937500 15
4.812500 1
5.000000 3
9.875000 1
4.812500 6
5.000000 7
9.875000 6
4.875000 9
5.000000 3
9.937500 11
4.937500 13
5.000000 3
10.000000 15
4.875000 1
5.000000 3
9.937500 3
4.875000 9
5.000000 7
9.937500 11
4.937500 9
5.000000 1
10.000000 11
5.000000 13
5.000000 3
10.000000 15
4.937500 1
5.000000 3
10.000000 3
4.937500 9
5.000000 5
10.000000 11
5.000000 9
5.000000 3
10.000000 11
4.937500 1
5.000000 3
10.000000 3
5.000000 1
5.000000 3
10.000000 3
4.875000 10
4.937500 8
9.937500 14
4.875000 2
4.937500 0
9.875000 2
4.875000 2
4.937500 0
9.937500 12
4.875000 2
4.937500 0
9.875000 0
4.875000 6
5.000000 12
9.937500 14
4.875000 2
4.937500 0
9.937500 2
4.937500 12
4.937500 0
9.937500 12
4.875000 0
4.937500 0
9.937500 0
4.875000 6
4.937500 4
9.937500 6
4.937500 8
5.000000 0
9.937500 2
5.000000 12
4.937500 0
10.000000 12
4.937500 0
4.937500 0
9.937500 0
4.937500 8
5.000000 4
9.937500 6
5.000000 8
4.937500 0
10.000000 8
4.937500 0
4.937500 0
9.937500 0
5.000000 0
4.937500 0
10.000000 0
4.937500 11
4.937500 12
9.937500 15
4.937500 3
4.875000 0
9.937500 3
4.937500 3
4.875000 0
9.875000 3
4.937500 3
4.875000 0
9.875000 0
4.937500 7
5.000000 12
10.000000 15
4.937500 3
4.937500 0
9.937500 3
4.937500 3
4.875000 0
9.937500 3
4.937500 3
4.875000 0
9.875000 0
4.937500 7
4.937500 4
9.937500 7
4.937500 3
5.000000 0
10.000000 3
5.000000 12
4.937500 0
9.937500 3
4.937500 0
4.875000 0
9.937500 0
4.937500 7
5.000000 4
10.000000 7
5.000000 8
4.937500 0
9.937500 3
4.937500 0
4.875000 0
9.937500 0
5.000000 0
4.875000 0
9.937500 0
4.875000 8
4.937500 12
9.937500 12
4.875000 0
4.875000 0
9.875000 0
4.875000 0
4.812500 0
9.875000 0
4.875000 0
4.812500 0
9.812500 0
4.875000 4
5.000000 12
9.937500 12
4.875000 0
4.937500 0
9.937500 0
4.937500 12
4.875000 0
9.875000 0
4.875000 0
4.812500 0
9.875000 0
4.875000 4
4.937500 4
9.937500 4
4.937500 8
5.000000 0
9.937500 0
5.000000 12
4.937500 0
9.937500 0
4.937500 0
4.875000 0
9.875000 0
4.937500 8
5.000000 4
9.937500 4
5.000000 8
4.937500 0
9.937500 0
4.937500 0
4.875000 0
9.875000 0
5.000000 0
4.812500 0
9.875000 0
4.875000 10
4.937500 9
9.937500 14
4.875000 2
4.937500 1
9.875000 2
4.875000 2
4.937500 1
9.937500 13
4.875000 2
4.937500 1
9.875000 1
4.875000 6
5.000000 13
9.937500 14
4.875000 2
4.937500 1
9.937500 2
4.937500 13
4.937500 1
9.937500 13
4.875000 1
4.937500 1
9.937500 1
4.875000 6
4.937500 5
9.937500 6
4.937500 9
5.000000 1
9.937500 2
5.000000 13
4.937500 1
10.000000 13
4.937500 1
4.937500 1
9.937500 1
4.937500 9
5.000000 5
9.937500 6
5.000000 9
4.937500 1
10.000000 9
4.937500 1
4.937500 1
9.937500 1
5.000000 1
4.937500 1
10.000000 1
4.937500 10
5.000000 8
9.937500 14
4.937500 2
5.000000 0
9.937500 2
4.937500 2
5.000000 0
9.937500 12
4.937500 2
5.000000 0
9.875000 0
4.937500 6
5.000000 4
10.000000 14
4.937500 2
5.000000 0
9.937500 2
4.937500 2
5.000000 0
10.000000 12
4.937500 2
5.000000 0
9.937500 0
4.937500 6
5.000000 4
9.937500 6
4.937500 2
5.000000 0
10.000000 2
5.000000 12
5.000000 0
10.000000 12
4.937500 0
5.000000 0
10.000000 0
4.937500 6
5.000000 4
10.000000 6
5.000000 8
5.000000 0
10.000000 8
4.937500 0
5.000000 0
10.000000 0
5.000000 0
5.000000 0
10.000000 0
5.000000 11
4.937500 8
10.000000 15
5.000000 3
4.937500 0
9.937500 3
5.000000 3
4.937500 0
9.937500 12
5.000000 3
4.937500 0
9.875000 0
5.000000 7
5.000000 12
10.000000 15
5.000000 3
4.937500 0
10.000000 3
5.000000 3
4.937500 0
9.937500 3
5.000000 3
4.937500 0
9.937500 0
5.000000 7
4.937500 4
10.000000 7
5.000000 3
5.000000 0
10.000000 3
5.000000 3
4.937500 0
10.000000 3
5.000000 3
4.937500 0
9.937500 0
5.000000 7
5.000000 4
10.000000 7
5.000000 3
4.937500 0
10.000000 3
5.000000 3
4.937500 0
9.937500 0
5.000000 0
4.937500 0
10.000000 0
4.937500 8
4.937500 12
9.937500 12
4.937500 0
4.875000 0
9.937500 0
4.937500 0
4.875000 0
9.875000 0
4.937500 0
4.875000 0
9.875000 0
4.937500 4
5.000000 12
10.000000 12
4.937500 0
4.937500 0
9.937500 0
4.937500 0
4.875000 0
9.937500 0
4.937500 0
4.875000 0
9.875000 0
4.937500 4
4.937500 4
9.937500 4
4.937500 0
5.000000 0
10.000000 0
5.000000 12
4.937500 0
9.937500 0
4.937500 0
4.875000 0
9.937500 0
4.937500 4
5.000000 4
10.000000 4
5.000000 8
4.937500 0
9.937500 0
4.937500 0
4.875000 0
9.937500 0
5.000000 0
4.875000 0
9.937500 0
4.937500 10
5.000000 9
9.937500 14
4.937500 2
5.000000 1
9.937500 2
4.937500 2
5.000000 1
9.937500 13
4.937500 2
5.000000 1
9.875000 1
4.937500 6
5.000000 5
10.000000 14
4.937500 2
5.000000 1
9.937500 2
4.937500 2
5.000000 1
10.000000 13
4.937500 2
5.000000 1
9.937500 1
4.937500 6
5.000000 5
9.937500 6
4.937500 2
5.000000 1
10.000000 2
5.000000 13
5.000000 1
10.000000 13
4.937500 1
5.000000 1
10.000000 1
4.937500 6
5.000000 5
10.000000 6
5.000000 9
5.000000 1
10.000000 9
4.937500 1
5.000000 1
10.000000 1
5.000000 1
5.000000 1
10.000000 1
5.000000 10
4.937500 8
10.000000 14
5.000000 2
4.937500 0
9.937500 2
5.000000 2
4.937500 0
9.937500 12
5.000000 2
4.937500 0
9.875000 0
5.000000 6
5.000000 12
10.000000 14
5.000000 2
4.937500 0
10.000000 2
5.000000 2
4.937500 0
9.937500 2
5.000000 2
4.937500 0
9.937500 0
5.000000 6
4.937500 4
10.000000 6
5.000000 2
5.000000 0
10.000000 2
5.000000 2
4.937500 0
10.000000 2
5.000000 2
4.937500 0
9.937500 0
5.000000 6
5.000000 4
10.000000 6
5.000000 2
4.937500 0
10.000000 2
5.000000 2
4.937500 0
9.937500 0
5.000000 0
4.937500 0
10.000000 0
4.937500 8
4.937500 12
9.937500 12
4.937500 0
4.875000 0
9.937500 0
4.937500 0
4.875000 0
9.875000 0
4.937500 0
4.875000 0
9.875000 0
4.937500 4
5.000000 12
10.000000 12
4.937500 0
4.937500 0
9.937500 0
4.937500 0
4.875000 0
9.937500 0
4.937500 0
4.875000 0
9.875000 0
4.937500 4
4.937500 4
9.937500 4
4.937500 0
5.000000 0
10.000000 0
5.000000 12
4.937500 0
9.937500 0
4.937500 0
4.875000 0
9.937500 0
4.937500 4
5.000000 4
10.000000 4
5.000000 8
4.937500 0
9.937500 0
4.937500 0
4.875000 0
9.937500 0
5.000000 0
4.875000 0
9.937500 0
5.000000 8
4.937500 12
10.000000 12
5.000000 0
4.875000 0
9.937500 0
5.000000 0
4.812500 0
9.875000 0
5.000000 0
4.812500 0
9.875000 0
5.000000 4
5.000000 12
10.000000 12
5.000000 0
4.937500 0
10.000000 0
5.000000 0
4.875000 0
9.937500 0
5.000000 0
4.812500 0
9.875000 0
5.000000 4
4.937500 4
10.000000 4
5.000000 0
5.000000 0
10.000000 0
5.000000 0
4.937500 0
10.000000 0
5.000000 0
4.875000 0
9.937500 0
5.000000 4
5.000000 4
10.000000 4
5.000000 0
4.937500 0
10.000000 0
5.000000 0
4.875000 0
9.937500 0
5.000000 0
4.812500 0
9.875000 0
