0.000000 0
0.000000 0
4.850000 2
4.850000 2
9.800000 2
4.900000 2
9.800000 2
9.700000 2
14.750000 2
4.800000 2
9.750000 2
9.650000 2
14.700000 2
9.850000 2
14.750000 2
14.650000 2
19.700000 2
4.950000 3
9.800000 3
9.700000 3
14.750000 3
9.950000 3
14.850000 3
14.750000 3
19.800000 3
9.850000 3
14.750000 3
14.650000 3
19.700000 3
14.900000 3
19.800000 3
19.700000 3
24.750000 3
4.900000 2
4.900000 2
9.850000 2
4.950000 3
9.850000 3
9.750000 3
14.800000 3
4.850000 2
9.800000 2
9.700000 2
14.750000 2
9.900000 3
14.800000 3
14.700000 3
19.750000 3
4.900000 0
9.750000 0
9.650000 0
14.700000 0
9.950000 3
14.800000 0
14.700000 0
19.750000 0
9.800000 0
14.700000 0
14.600000 0
19.650000 0
14.850000 0
19.750000 0
19.650000 0
24.700000 0
4.950000 2
4.950000 2
9.900000 2
4.900000 0
9.850000 2
9.750000 2
14.800000 2
4.900000 3
9.850000 2
9.750000 2
14.800000 2
9.850000 0
14.800000 2
14.700000 2
19.750000 2
4.850000 0
9.800000 2
9.700000 2
14.750000 2
9.900000 0
14.850000 2
14.750000 2
19.800000 2
9.800000 3
14.750000 2
14.650000 2
19.700000 2
14.850000 3
19.800000 2
19.700000 2
24.750000 2
5.000000 3
5.000000 2
9.950000 2
4.850000 0
9.900000 3
9.800000 2
14.850000 2
4.850000 0
9.900000 3
9.800000 2
14.850000 2
9.800000 0
14.850000 3
14.750000 2
19.800000 2
4.800000 0
9.850000 3
9.750000 2
14.800000 2
9.850000 0
14.900000 3
14.800000 2
19.850000 2
9.750000 0
14.800000 3
14.700000 2
19.750000 2
14.800000 0
19.850000 3
19.750000 2
24.800000 2
4.950000 0
4.950000 0
9.900000 0
4.800000 0
9.850000 0
9.750000 0
14.800000 0
4.800000 0
9.850000 0
9.750000 0
14.800000 0
9.750000 0
14.800000 0
14.700000 0
19.750000 0
4.750000 0
9.800000 0
9.700000 0
14.750000 0
9.800000 0
14.850000 0
14.750000 0
19.800000 0
9.700000 0
14.750000 0
14.650000 0
19.700000 0
14.750000 0
19.800000 0
19.700000 0
24.750000 0
4.900000 2
4.800000 1
9.850000 2
4.950000 2
9.850000 2
9.750000 2
14.800000 2
4.850000 2
9.800000 2
9.650000 2
14.700000 2
9.900000 2
14.800000 2
14.700000 2
19.750000 2
5.000000 3
9.850000 3
9.750000 3
14.800000 3
10.000000 3
14.900000 3
14.800000 3
19.850000 3
9.900000 3
14.800000 3
14.700000 3
19.750000 3
14.950000 3
19.850000 3
19.750000 3
24.800000 3
4.950000 2
4.850000 1
9.900000 2
5.000000 3
9.900000 3
9.800000 3
14.850000 3
4.900000 2
9.850000 2
9.700000 2
14.750000 2
9.950000 3
14.850000 3
14.750000 3
19.800000 3
4.950000 0
9.800000 0
9.700000 0
14.750000 0
10.000000 3
14.850000 0
14.750000 0
19.800000 0
9.850000 0
14.750000 0
14.650000 0
19.700000 0
14.900000 3
19.800000 0
19.700000 0
24.750000 0
5.000000 2
4.900000 1
9.950000 2
4.950000 0
9.900000 2
9.750000 0
14.800000 0
4.950000 3
9.900000 2
9.750000 3
14.800000 3
9.900000 0
14.850000 2
14.700000 0
19.750000 0
4.900000 0
9.850000 2
9.650000 0
14.700000 0
9.950000 0
14.900000 2
14.700000 0
19.750000 0
9.850000 3
14.800000 2
14.600000 0
19.650000 0
14.900000 3
19.850000 2
19.650000 0
24.700000 0
4.950000 0
4.950000 1
9.900000 0
4.900000 0
9.850000 0
9.750000 1
14.800000 1
4.900000 0
9.850000 0
9.750000 1
14.800000 1
9.850000 0
14.800000 0
14.700000 1
19.750000 1
4.850000 0
9.800000 0
9.700000 1
14.750000 1
9.900000 0
14.850000 0
14.750000 1
19.800000 1
9.800000 0
14.750000 0
14.650000 1
19.700000 1
14.850000 0
19.800000 0
19.700000 1
24.750000 1
5.000000 0
5.000000 1
9.950000 0
4.850000 0
9.900000 0
9.800000 1
14.850000 1
4.850000 0
9.900000 0
9.800000 1
14.850000 1
9.800000 0
14.850000 0
14.750000 1
19.800000 1
4.800000 0
9.850000 0
9.750000 1
14.800000 1
9.850000 0
14.900000 0
14.800000 1
19.850000 1
9.750000 0
14.800000 0
14.700000 1
19.750000 1
14.800000 0
19.850000 0
19.750000 1
24.800000 1
4.850000 1
4.750000 1
9.800000 1
5.000000 2
9.900000 2
9.800000 2
14.850000 2
4.900000 2
9.800000 2
9.700000 2
14.750000 2
9.950000 2
14.850000 2
14.750000 2
19.800000 2
4.950000 1
9.800000 1
9.700000 1
14.750000 1
10.000000 2
14.850000 1
14.750000 1
19.800000 1
9.850000 1
14.750000 1
14.650000 1
19.700000 1
14.900000 2
19.800000 1
19.700000 1
24.750000 1
4.900000 1
4.800000 1
9.850000 1
4.950000 0
9.850000 0
9.750000 0
14.800000 0
4.950000 2
9.850000 2
9.750000 2
14.800000 2
9.900000 0
14.800000 0
14.700000 0
19.750000 0
5.000000 0
9.850000 0
9.750000 0
14.800000 0
10.000000 0
14.900000 0
14.800000 0
19.850000 0
9.900000 0
14.800000 0
14.700000 0
19.750000 0
14.950000 0
19.850000 0
19.750000 0
24.800000 0
4.950000 1
4.850000 1
9.900000 1
5.000000 0
9.900000 0
9.800000 0
14.850000 0
5.000000 3
9.900000 3
9.800000 3
14.850000 3
9.950000 0
14.850000 0
14.750000 0
19.800000 0
4.950000 0
9.800000 0
9.700000 0
14.750000 0
10.000000 0
14.850000 0
14.750000 0
19.800000 0
9.900000 3
14.750000 0
14.650000 3
19.700000 0
14.950000 3
19.800000 0
19.700000 0
24.750000 0
5.000000 1
4.900000 1
9.950000 1
4.950000 0
9.900000 1
9.750000 0
14.800000 0
4.950000 0
9.900000 1
9.750000 0
14.800000 0
9.900000 0
14.850000 1
14.700000 0
19.750000 0
4.900000 0
9.850000 1
9.650000 0
14.700000 0
9.950000 0
14.900000 1
14.700000 0
19.750000 0
9.850000 0
14.800000 1
14.600000 0
19.650000 0
14.900000 0
19.850000 1
19.650000 0
24.700000 0
4.950000 0
4.950000 1
9.900000 0
4.900000 0
9.850000 0
9.750000 1
14.800000 1
4.900000 0
9.850000 0
9.750000 1
14.800000 1
9.850000 0
14.800000 0
14.700000 1
19.750000 1
4.850000 0
9.800000 0
9.700000 1
14.750000 1
9.900000 0
14.850000 0
14.750000 1
19.800000 1
9.800000 0
14.750000 0
14.650000 1
19.700000 1
14.850000 0
19.800000 0
19.700000 1
24.750000 1
4.800000 1
4.700000 1
9.750000 1
4.950000 1
9.850000 1
9.750000 1
14.800000 1
4.950000 2
9.850000 2
9.750000 2
14.800000 2
9.900000 1
14.800000 1
14.700000 1
19.750000 1
5.000000 1
9.850000 1
9.750000 1
14.800000 1
10.000000 1
14.900000 1
14.800000 1
19.850000 1
9.900000 1
14.800000 1
14.700000 1
19.750000 1
14.950000 1
19.850000 1
19.750000 1
24.800000 1
4.850000 1
4.750000 1
9.800000 1
5.000000 1
9.900000 1
9.800000 1
14.850000 1
5.000000 2
9.900000 2
9.800000 2
14.850000 2
9.950000 1
14.850000 1
14.750000 1
19.800000 1
4.950000 0
9.800000 0
9.700000 0
14.750000 0
10.000000 1
14.850000 0
14.750000 0
19.800000 0
9.900000 2
14.750000 0
14.650000 2
19.700000 0
14.950000 2
19.800000 0
19.700000 0
24.750000 0
4.900000 1
4.800000 1
9.850000 1
4.950000 0
9.850000 0
9.750000 0
14.800000 0
4.950000 0
9.850000 0
9.750000 0
14.800000 0
9.900000 0
14.800000 0
14.700000 0
19.750000 0
4.900000 0
9.750000 0
9.650000 0
14.700000 0
9.950000 0
14.800000 0
14.700000 0
19.750000 0
9.850000 0
14.700000 0
14.600000 0
19.650000 0
14.900000 0
19.750000 0
19.650000 0
24.700000 0
4.950000 1
4.850000 1
9.900000 1
4.900000 0
9.850000 1
9.700000 0
14.750000 0
5.000000 0
9.900000 0
9.800000 0
14.850000 0
9.950000 0
14.850000 0
14.750000 0
19.800000 0
4.850000 0
9.800000 1
9.600000 0
14.650000 0
9.900000 0
14.850000 1
14.650000 0
19.700000 0
9.900000 0
14.750000 0
14.650000 0
19.700000 0
14.950000 0
19.800000 0
19.700000 0
24.750000 0
4.900000 0
4.900000 1
9.850000 0
4.850000 0
9.800000 0
9.700000 1
14.750000 1
4.950000 0
9.850000 0
9.750000 0
14.800000 0
9.900000 0
14.800000 0
14.700000 0
19.750000 0
4.800000 0
9.750000 0
9.650000 1
14.700000 1
9.850000 0
14.800000 0
14.700000 1
19.750000 1
9.850000 0
14.700000 0
14.600000 0
19.650000 0
14.900000 0
19.750000 0
19.650000 0
24.700000 0
4.750000 1
4.650000 1
9.700000 1
4.900000 1
9.800000 1
9.700000 1
14.750000 1
4.900000 1
9.800000 1
9.700000 1
14.750000 1
9.850000 1
14.750000 1
14.650000 1
19.700000 1
4.950000 1
9.800000 1
9.700000 1
14.750000 1
9.950000 1
14.850000 1
14.750000 1
19.800000 1
9.850000 1
14.750000 1
14.650000 1
19.700000 1
14.900000 1
19.800000 1
19.700000 1
24.750000 1
4.800000 1
4.700000 1
9.750000 1
4.950000 1
9.850000 1
9.750000 1
14.800000 1
4.950000 1
9.850000 1
9.750000 1
14.800000 1
9.900000 1
14.800000 1
14.700000 1
19.750000 1
4.900000 0
9.750000 0
9.650000 0
14.700000 0
9.950000 1
14.800000 0
14.700000 0
19.750000 0
9.850000 1
14.700000 0
14.600000 0
19.650000 0
14.900000 1
19.750000 0
19.650000 0
24.700000 0
4.850000 1
4.750000 1
9.800000 1
4.900000 0
9.800000 0
9.700000 0
14.750000 0
5.000000 1
9.900000 1
9.800000 1
14.850000 1
9.950000 1
14.850000 1
14.750000 1
19.800000 1
4.850000 0
9.700000 0
9.600000 0
14.650000 0
9.900000 0
14.750000 0
14.650000 0
19.700000 0
9.900000 1
14.750000 1
14.650000 1
19.700000 1
14.950000 1
19.800000 1
19.700000 1
24.750000 1
4.900000 1
4.800000 1
9.850000 1
4.850000 0
9.800000 1
9.650000 0
14.700000 0
4.950000 0
9.850000 0
9.750000 0
14.800000 0
9.900000 0
14.800000 0
14.700000 0
19.750000 0
4.800000 0
9.750000 1
9.550000 0
14.600000 0
9.850000 0
14.800000 1
14.600000 0
19.650000 0
9.850000 0
14.700000 0
14.600000 0
19.650000 0
14.900000 0
19.750000 0
19.650000 0
24.700000 0
4.850000 0
4.850000 1
9.800000 0
4.800000 0
9.750000 0
9.650000 1
14.700000 1
4.900000 0
9.800000 0
9.700000 0
14.750000 0
9.850000 0
14.750000 0
14.650000 0
19.700000 0
4.750000 0
9.700000 0
9.600000 1
14.650000 1
9.800000 0
14.750000 0
14.650000 1
19.700000 1
9.800000 0
14.650000 0
14.550000 0
19.600000 0
14.850000 0
19.700000 0
19.600000 0
24.650000 0
