0.000000 0
0.000000 0
4.900000 10
4.800000 10
9.850000 10
4.950000 11
9.950000 11
9.850000 10
14.900000 10
4.950000 14
4.850000 10
9.900000 10
4.950000 3
9.950000 3
9.900000 11
14.950000 11
4.900000 2
4.900000 14
9.900000 14
4.950000 3
9.950000 3
9.950000 15
14.950000 15
4.900000 2
4.850000 2
9.900000 2
4.950000 3
9.950000 3
9.900000 3
14.950000 3
4.900000 2
4.800000 2
9.850000 2
4.950000 3
9.950000 3
9.850000 2
14.900000 2
4.950000 10
4.850000 10
9.900000 10
5.000000 14
10.000000 14
9.900000 14
14.950000 11
5.000000 14
4.900000 10
9.950000 14
4.950000 2
10.000000 14
9.950000 11
15.000000 15
4.950000 2
4.950000 14
9.950000 14
4.950000 3
9.950000 2
9.950000 15
14.950000 3
4.900000 2
4.900000 2
9.900000 2
4.950000 3
9.950000 3
9.950000 3
14.950000 3
4.900000 2
4.850000 2
9.900000 2
4.950000 3
9.950000 3
9.900000 3
14.950000 3
5.000000 10
4.900000 10
9.950000 10
4.950000 6
10.000000 10
9.950000 11
15.000000 11
4.950000 2
4.950000 10
9.950000 10
5.000000 2
10.000000 2
9.950000 11
14.950000 2
5.000000 2
5.000000 14
9.950000 2
4.950000 2
10.000000 2
10.000000 15
15.000000 3
4.950000 2
4.950000 2
9.950000 2
4.950000 3
9.950000 2
9.950000 3
14.950000 2
4.900000 2
4.900000 2
9.900000 2
4.950000 3
9.950000 3
9.950000 3
14.950000 3
4.950000 6
4.950000 10
9.950000 10
5.000000 6
10.000000 6
9.950000 11
14.950000 6
5.000000 6
5.000000 10
9.950000 6
4.950000 2
10.000000 6
10.000000 11
15.000000 7
4.950000 2
4.950000 2
9.950000 2
4.950000 3
9.950000 2
9.950000 3
14.950000 2
4.900000 2
5.000000 2
9.950000 2
4.950000 3
9.950000 3
10.000000 3
15.000000 3
4.900000 2
4.950000 2
9.950000 2
4.950000 3
9.950000 3
9.950000 3
14.950000 2
4.900000 6
4.900000 6
9.900000 6
4.950000 6
9.950000 6
9.950000 7
14.950000 7
4.950000 6
4.950000 6
9.950000 6
4.950000 3
9.950000 3
9.950000 7
14.950000 3
4.900000 2
5.000000 6
9.950000 6
4.950000 3
9.950000 3
10.000000 7
15.000000 7
4.900000 2
4.950000 2
9.950000 2
4.950000 3
9.950000 3
9.950000 3
14.950000 2
4.900000 2
4.900000 2
9.900000 2
4.950000 3
9.950000 3
9.950000 3
14.950000 3
4.950000 11
4.850000 10
9.900000 10
4.950000 12
9.950000 11
9.900000 14
14.950000 14
4.950000 3
4.850000 2
9.900000 3
4.900000 0
9.950000 3
9.900000 2
14.950000 3
4.950000 3
4.900000 12
9.950000 15
4.900000 0
9.950000 3
9.900000 12
14.950000 15
4.950000 3
4.850000 0
9.900000 3
4.900000 0
9.950000 3
9.900000 0
14.950000 3
4.950000 3
4.850000 2
9.900000 3
4.900000 0
9.950000 3
9.850000 0
14.900000 0
4.950000 7
4.850000 6
9.900000 7
5.000000 12
10.000000 12
9.900000 12
14.950000 7
5.000000 12
4.900000 8
9.950000 11
4.950000 0
10.000000 12
9.900000 2
14.950000 2
4.950000 0
4.950000 12
9.950000 15
4.900000 0
9.950000 0
9.950000 12
14.950000 0
4.950000 3
4.900000 0
9.950000 3
4.900000 0
9.950000 3
9.900000 0
14.950000 3
4.950000 3
4.850000 0
9.900000 3
4.900000 0
9.950000 3
9.900000 0
14.950000 3
5.000000 8
4.900000 8
9.950000 8
4.950000 4
10.000000 8
9.900000 6
14.950000 6
4.950000 0
4.950000 8
9.950000 11
5.000000 0
10.000000 0
9.950000 8
14.950000 0
5.000000 0
5.000000 12
10.000000 15
4.950000 0
10.000000 0
9.950000 12
15.000000 15
4.950000 0
4.950000 0
9.950000 3
4.900000 0
9.950000 0
9.950000 0
14.950000 0
4.950000 3
4.900000 0
9.950000 3
4.900000 0
9.950000 3
9.900000 0
14.950000 3
4.950000 4
4.950000 8
9.950000 11
5.000000 4
10.000000 4
9.950000 8
14.950000 4
5.000000 4
5.000000 8
10.000000 11
4.950000 0
10.000000 4
9.950000 8
15.000000 11
4.950000 0
4.950000 0
9.950000 3
4.900000 0
9.950000 0
9.950000 0
14.950000 0
4.950000 3
5.000000 0
10.000000 3
4.900000 0
9.950000 3
9.950000 0
15.000000 3
4.950000 3
4.950000 0
9.950000 3
4.900000 0
9.950000 3
9.950000 0
14.950000 0
4.950000 7
4.900000 4
9.950000 7
4.950000 4
9.950000 4
9.900000 4
14.950000 6
4.950000 3
4.950000 4
9.950000 7
4.900000 0
9.950000 3
9.950000 4
14.950000 3
4.950000 3
5.000000 4
10.000000 7
4.900000 0
9.950000 3
9.950000 4
15.000000 7
4.950000 3
4.950000 0
9.950000 3
4.900000 0
9.950000 3
9.950000 0
14.950000 0
4.950000 3
4.900000 0
9.950000 3
4.900000 0
9.950000 3
9.900000 0
14.950000 3
4.900000 8
4.900000 11
9.900000 11
4.950000 12
9.950000 12
9.950000 15
14.950000 15
4.950000 12
4.900000 3
9.950000 15
4.900000 0
9.950000 12
9.900000 3
14.950000 15
4.900000 0
4.900000 3
9.900000 3
4.850000 0
9.900000 0
9.900000 3
14.900000 0
4.900000 0
4.900000 3
9.900000 0
4.850000 0
9.900000 0
9.850000 0
14.900000 0
4.900000 0
4.900000 3
9.850000 0
4.850000 0
9.900000 0
9.850000 0
14.900000 0
4.950000 8
4.900000 7
9.950000 11
5.000000 12
10.000000 12
9.950000 15
15.000000 15
5.000000 12
4.900000 3
9.950000 12
4.950000 0
10.000000 12
9.950000 3
15.000000 15
4.950000 0
4.950000 12
9.950000 3
4.900000 0
9.950000 0
9.900000 3
14.950000 3
4.900000 0
4.900000 0
9.900000 0
4.850000 0
9.900000 0
9.900000 0
14.900000 0
4.900000 0
4.900000 3
9.900000 0
4.850000 0
9.900000 0
9.850000 0
14.900000 0
5.000000 8
4.900000 7
9.950000 8
4.950000 4
10.000000 8
9.950000 7
15.000000 11
4.950000 0
4.950000 8
9.950000 3
5.000000 0
10.000000 0
9.950000 3
15.000000 3
5.000000 0
5.000000 12
9.950000 0
4.950000 0
10.000000 0
9.950000 3
15.000000 3
4.950000 0
4.950000 0
9.950000 0
4.900000 0
9.950000 0
9.900000 0
14.950000 0
4.900000 0
4.900000 0
9.900000 0
4.850000 0
9.900000 0
9.900000 0
14.900000 0
4.950000 4
4.950000 8
9.950000 7
5.000000 4
10.000000 4
9.950000 7
15.000000 7
5.000000 4
5.000000 8
9.950000 4
4.950000 0
10.000000 4
9.950000 3
15.000000 7
4.950000 0
4.950000 0
9.950000 0
4.900000 0
9.950000 0
9.900000 0
14.950000 0
4.900000 0
5.000000 0
9.950000 0
4.850000 0
9.900000 0
9.900000 0
14.950000 0
4.900000 0
4.950000 0
9.950000 0
4.850000 0
9.900000 0
9.900000 0
14.950000 0
4.900000 4
4.900000 4
9.900000 4
4.950000 4
9.950000 4
9.950000 7
14.950000 7
4.950000 4
4.950000 4
9.950000 4
4.900000 0
9.950000 4
9.900000 3
14.950000 4
4.900000 0
5.000000 4
9.950000 4
4.850000 0
9.900000 0
9.900000 4
14.950000 4
4.900000 0
4.950000 0
9.950000 0
4.850000 0
9.900000 0
9.900000 0
14.950000 0
4.900000 0
4.900000 0
9.900000 0
4.850000 0
9.900000 0
9.900000 0
14.900000 0
4.900000 8
4.850000 8
9.900000 8
4.950000 12
9.950000 12
9.900000 12
14.950000 12
4.950000 12
4.850000 0
9.900000 12
4.900000 0
9.950000 12
9.900000 0
14.950000 12
4.900000 0
4.900000 12
9.900000 0
4.850000 0
9.900000 0
9.850000 0
14.900000 0
4.850000 0
4.850000 0
9.850000 0
4.800000 0
9.850000 0
9.850000 0
14.850000 0
4.850000 0
4.850000 0
9.850000 0
4.800000 0
9.850000 0
9.800000 0
14.850000 0
4.950000 8
4.850000 4
9.900000 8
5.000000 12
10.000000 12
9.900000 12
14.950000 8
5.000000 12
4.900000 8
9.950000 12
4.950000 0
10.000000 12
9.900000 0
14.950000 0
4.950000 0
4.950000 12
9.900000 0
4.900000 0
9.950000 0
9.900000 0
14.950000 0
4.900000 0
4.900000 0
9.900000 0
4.850000 0
9.900000 0
9.850000 0
14.900000 0
4.850000 0
4.850000 0
9.850000 0
4.800000 0
9.850000 0
9.850000 0
14.850000 0
5.000000 8
4.900000 8
9.950000 8
4.950000 4
10.000000 8
9.900000 4
14.950000 4
4.950000 0
4.950000 8
9.900000 0
5.000000 0
10.000000 0
9.900000 0
14.950000 0
5.000000 0
5.000000 12
9.950000 0
4.950000 0
10.000000 0
9.900000 12
14.950000 0
4.950000 0
4.950000 0
9.900000 0
4.900000 0
9.950000 0
9.900000 0
14.950000 0
4.900000 0
4.900000 0
9.900000 0
4.850000 0
9.900000 0
9.850000 0
14.900000 0
4.950000 4
4.950000 8
9.900000 4
5.000000 4
10.000000 4
9.900000 4
14.950000 4
5.000000 4
5.000000 8
9.950000 4
4.950000 0
10.000000 4
9.900000 8
14.950000 0
4.950000 0
4.950000 0
9.900000 0
4.900000 0
9.950000 0
9.900000 0
14.950000 0
4.900000 0
5.000000 0
9.950000 0
4.850000 0
9.900000 0
9.900000 0
14.950000 0
4.850000 0
4.950000 0
9.900000 0
4.800000 0
9.850000 0
9.850000 0
14.900000 0
4.900000 4
4.900000 4
9.900000 4
4.950000 4
9.950000 4
9.900000 4
14.950000 4
4.950000 4
4.950000 4
9.900000 4
4.900000 0
9.950000 4
9.900000 0
14.950000 4
4.900000 0
5.000000 4
9.950000 4
4.850000 0
9.900000 0
9.900000 4
14.950000 4
4.850000 0
4.950000 0
9.900000 0
4.800000 0
9.850000 0
9.850000 0
14.900000 0
4.850000 0
4.900000 0
9.900000 0
4.800000 0
9.850000 0
9.850000 0
14.900000 0
4.900000 8
4.800000 8
9.850000 8
4.950000 12
9.950000 12
9.850000 8
14.900000 8
4.950000 12
4.850000 8
9.900000 12
4.900000 0
9.950000 12
9.850000 0
14.900000 0
4.900000 0
4.900000 12
9.850000 0
4.850000 0
9.900000 0
9.850000 0
14.900000 0
4.850000 0
4.850000 0
9.850000 0
4.800000 0
9.850000 0
9.800000 0
14.850000 0
4.800000 0
4.800000 0
9.800000 0
4.750000 0
9.800000 0
9.800000 0
14.800000 0
4.950000 8
4.850000 8
9.900000 8
5.000000 12
10.000000 12
9.900000 12
14.950000 12
5.000000 12
4.900000 8
9.950000 12
4.950000 0
10.000000 12
9.850000 0
14.900000 12
4.950000 0
4.950000 12
9.900000 0
4.900000 0
9.950000 0
9.850000 0
14.900000 0
4.900000 0
4.900000 0
9.850000 0
4.850000 0
9.900000 0
9.850000 0
14.900000 0
4.850000 0
4.850000 0
9.850000 0
4.800000 0
9.850000 0
9.800000 0
14.850000 0
5.000000 8
4.900000 8
9.950000 8
4.950000 4
10.000000 8
9.850000 4
14.900000 8
4.950000 0
4.950000 8
9.900000 0
5.000000 0
10.000000 0
9.900000 0
14.950000 0
5.000000 0
5.000000 12
9.950000 0
4.950000 0
10.000000 0
9.900000 12
14.950000 12
4.950000 0
4.950000 0
9.900000 0
4.900000 0
9.950000 0
9.850000 0
14.900000 0
4.900000 0
4.900000 0
9.850000 0
4.850000 0
9.900000 0
9.850000 0
14.900000 0
4.950000 4
4.950000 8
9.900000 4
5.000000 4
10.000000 4
9.900000 4
14.950000 4
5.000000 4
5.000000 8
9.950000 4
4.950000 0
10.000000 4
9.900000 8
14.950000 8
4.950000 0
4.950000 0
9.900000 0
4.900000 0
9.950000 0
9.850000 0
14.900000 0
4.900000 0
5.000000 0
9.950000 0
4.850000 0
9.900000 0
9.900000 0
14.950000 0
4.850000 0
4.950000 0
9.900000 0
4.800000 0
9.850000 0
9.850000 0
14.900000 0
4.900000 4
4.900000 4
9.850000 4
4.950000 4
9.950000 4
9.850000 4
14.900000 4
4.950000 4
4.950000 4
9.900000 4
4.900000 0
9.950000 4
9.850000 0
14.900000 0
4.900000 0
5.000000 4
9.950000 4
4.850000 0
9.900000 0
9.900000 4
14.950000 4
4.850000 0
4.950000 0
9.900000 0
4.800000 0
9.850000 0
9.850000 0
14.900000 0
4.800000 0
4.900000 0
9.850000 0
4.750000 0
9.800000 0
9.800000 0
14.850000 0
4.950000 10
4.850000 10
9.900000 10
5.000000 11
10.000000 11
9.900000 11
14.950000 11
4.950000 2
4.850000 2
9.900000 2
5.000000 3
10.000000 3
9.900000 3
14.950000 2
4.950000 2
4.900000 13
9.950000 14
5.000000 3
10.000000 3
9.950000 15
15.000000 15
4.950000 2
4.850000 1
9.900000 2
5.000000 3
10.000000 3
9.900000 3
14.950000 2
4.950000 2
4.850000 2
9.900000 2
5.000000 3
10.000000 3
9.900000 3
14.950000 3
4.950000 6
4.850000 6
9.900000 6
5.000000 7
10.000000 7
9.900000 7
14.950000 6
5.000000 13
4.900000 9
9.950000 10
5.000000 3
10.000000 3
9.950000 11
15.000000 11
4.950000 1
4.950000 13
9.950000 14
5.000000 3
10.000000 3
10.000000 15
15.000000 15
4.950000 2
4.900000 1
9.950000 2
5.000000 3
10.000000 3
9.950000 3
15.000000 3
4.950000 2
4.850000 1
9.900000 2
5.000000 3
10.000000 3
9.900000 3
14.950000 2
5.000000 9
4.900000 9
9.950000 9
5.000000 7
10.000000 7
9.950000 11
15.000000 15
4.950000 1
4.950000 9
9.950000 10
5.000000 1
10.000000 1
10.000000 11
15.000000 11
5.000000 1
5.000000 13
10.000000 14
5.000000 3
10.000000 1
10.000000 15
15.000000 7
4.950000 1
4.950000 1
9.950000 2
5.000000 3
10.000000 3
10.000000 3
15.000000 3
4.950000 2
4.900000 1
9.950000 2
5.000000 3
10.000000 3
9.950000 3
15.000000 3
4.950000 5
4.950000 9
9.950000 10
5.000000 5
10.000000 5
10.000000 11
15.000000 11
5.000000 5
5.000000 9
10.000000 10
5.000000 3
10.000000 3
10.000000 11
15.000000 3
4.950000 1
4.950000 1
9.950000 2
5.000000 3
10.000000 3
10.000000 3
15.000000 3
4.950000 2
5.000000 1
10.000000 2
5.000000 3
10.000000 3
10.000000 3
15.000000 2
4.950000 2
4.950000 1
9.950000 2
5.000000 3
10.000000 3
10.000000 3
15.000000 3
4.950000 6
4.900000 5
9.950000 6
5.000000 7
10.000000 7
9.950000 7
15.000000 7
4.950000 2
4.950000 5
9.950000 6
5.000000 3
10.000000 3
10.000000 7
15.000000 7
4.950000 2
5.000000 5
10.000000 6
5.000000 3
10.000000 3
10.000000 7
15.000000 3
4.950000 2
4.950000 1
9.950000 2
5.000000 3
10.000000 3
10.000000 3
15.000000 3
4.950000 2
4.900000 1
9.950000 2
5.000000 3
10.000000 3
9.950000 3
15.000000 3
5.000000 11
4.900000 10
9.950000 11
4.950000 8
10.000000 11
9.950000 14
15.000000 15
5.000000 3
4.900000 2
9.950000 3
4.950000 0
10.000000 3
9.900000 2
14.950000 3
5.000000 3
4.900000 2
9.950000 3
4.950000 0
10.000000 3
9.950000 12
15.000000 15
5.000000 3
4.900000 2
9.950000 3
4.950000 0
10.000000 3
9.900000 0
14.950000 0
5.000000 3
4.900000 2
9.950000 3
4.950000 0
10.000000 3
9.850000 0
14.900000 3
5.000000 7
4.900000 6
9.950000 7
5.000000 12
10.000000 7
9.950000 14
15.000000 14
5.000000 3
4.900000 2
9.950000 3
4.950000 0
10.000000 3
9.950000 2
15.000000 3
5.000000 3
4.950000 12
10.000000 15
4.950000 0
10.000000 3
9.950000 12
15.000000 15
5.000000 3
4.900000 0
9.950000 3
4.950000 0
10.000000 3
9.950000 0
15.000000 3
5.000000 3
4.900000 2
9.950000 3
4.950000 0
10.000000 3
9.900000 0
14.950000 0
5.000000 7
4.900000 6
9.950000 7
4.950000 4
10.000000 7
9.950000 6
15.000000 7
5.000000 3
4.950000 8
10.000000 11
5.000000 0
10.000000 0
9.950000 2
15.000000 2
5.000000 0
5.000000 12
10.000000 15
4.950000 0
10.000000 0
10.000000 12
15.000000 0
5.000000 3
4.950000 0
10.000000 3
4.950000 0
10.000000 3
9.950000 0
15.000000 3
5.000000 3
4.900000 0
9.950000 3
4.950000 0
10.000000 3
9.950000 0
15.000000 3
5.000000 7
4.950000 8
10.000000 11
5.000000 4
10.000000 4
9.950000 6
15.000000 6
5.000000 3
5.000000 8
10.000000 11
4.950000 0
10.000000 3
10.000000 8
15.000000 3
5.000000 3
4.950000 0
10.000000 3
4.950000 0
10.000000 3
9.950000 0
15.000000 3
5.000000 3
5.000000 0
10.000000 3
4.950000 0
10.000000 3
10.000000 0
15.000000 0
5.000000 3
4.950000 0
10.000000 3
4.950000 0
10.000000 3
9.950000 0
15.000000 3
5.000000 7
4.900000 4
9.950000 7
4.950000 4
10.000000 7
9.950000 4
15.000000 7
5.000000 3
4.950000 4
10.000000 7
4.950000 0
10.000000 3
9.950000 4
15.000000 7
5.000000 3
5.000000 4
10.000000 7
4.950000 0
10.000000 3
10.000000 4
15.000000 3
5.000000 3
4.950000 0
10.000000 3
4.950000 0
10.000000 3
9.950000 0
15.000000 3
5.000000 3
4.900000 0
9.950000 3
4.950000 0
10.000000 3
9.950000 0
15.000000 3
4.950000 8
4.950000 11
9.950000 11
4.950000 12
9.950000 8
9.950000 15
14.950000 11
4.950000 0
4.950000 3
9.950000 15
4.900000 0
9.950000 0
9.950000 3
14.950000 0
4.950000 0
4.950000 3
9.950000 3
4.900000 0
9.950000 0
9.900000 3
14.950000 3
4.950000 0
4.950000 3
9.900000 0
4.900000 0
9.950000 0
9.900000 0
14.950000 0
4.950000 0
4.950000 3
9.900000 0
4.900000 0
9.950000 0
9.850000 0
14.900000 0
4.950000 4
4.950000 7
9.950000 11
5.000000 12
10.000000 12
10.000000 15
15.000000 15
5.000000 12
4.950000 3
10.000000 15
4.950000 0
10.000000 12
9.950000 3
15.000000 15
4.950000 0
4.950000 3
9.950000 3
4.900000 0
9.950000 0
9.950000 3
14.950000 0
4.950000 0
4.950000 3
9.950000 0
4.900000 0
9.950000 0
9.900000 0
14.950000 0
4.950000 0
4.950000 3
9.900000 0
4.900000 0
9.950000 0
9.900000 0
14.950000 0
5.000000 8
4.950000 7
10.000000 11
4.950000 4
10.000000 8
9.950000 7
15.000000 11
4.950000 0
4.950000 3
9.950000 3
5.000000 0
10.000000 0
10.000000 3
15.000000 3
5.000000 0
5.000000 12
10.000000 3
4.950000 0
10.000000 0
9.950000 3
15.000000 3
4.950000 0
4.950000 0
9.950000 0
4.900000 0
9.950000 0
9.950000 0
14.950000 0
4.950000 0
4.950000 3
9.950000 0
4.900000 0
9.950000 0
9.900000 0
14.950000 0
4.950000 4
4.950000 7
9.950000 7
5.000000 4
10.000000 4
10.000000 7
15.000000 7
5.000000 4
5.000000 8
10.000000 7
4.950000 0
10.000000 4
9.950000 3
15.000000 7
4.950000 0
4.950000 0
9.950000 0
4.900000 0
9.950000 0
9.950000 0
14.950000 0
4.950000 0
5.000000 0
10.000000 0
4.900000 0
9.950000 0
9.950000 0
15.000000 0
4.950000 0
4.950000 0
9.950000 0
4.900000 0
9.950000 0
9.950000 0
14.950000 0
4.950000 4
4.950000 7
9.950000 4
4.950000 4
9.950000 4
9.950000 7
14.950000 4
4.950000 0
4.950000 3
9.950000 4
4.900000 0
9.950000 0
9.950000 3
14.950000 0
4.950000 0
5.000000 4
10.000000 4
4.900000 0
9.950000 0
9.950000 4
15.000000 4
4.950000 0
4.950000 0
9.950000 0
4.900000 0
9.950000 0
9.950000 0
14.950000 0
4.950000 0
4.950000 3
9.950000 0
4.900000 0
9.950000 0
9.900000 0
14.950000 0
4.900000 8
4.900000 8
9.900000 8
4.950000 12
9.950000 12
9.950000 12
14.950000 12
4.950000 12
4.900000 0
9.950000 12
4.900000 0
9.950000 12
9.900000 0
14.950000 12
4.900000 0
4.900000 0
9.900000 0
4.850000 0
9.900000 0
9.900000 0
14.900000 0
4.900000 0
4.900000 0
9.900000 0
4.850000 0
9.900000 0
9.850000 0
14.900000 0
4.900000 0
4.900000 0
9.850000 0
4.850000 0
9.900000 0
9.850000 0
14.900000 0
4.950000 8
4.900000 4
9.950000 8
5.000000 12
10.000000 12
9.950000 12
15.000000 12
5.000000 12
4.900000 0
9.950000 12
4.950000 0
10.000000 12
9.950000 0
15.000000 12
4.950000 0
4.950000 12
9.950000 0
4.900000 0
9.950000 0
9.900000 0
14.950000 0
4.900000 0
4.900000 0
9.900000 0
4.850000 0
9.900000 0
9.900000 0
14.900000 0
4.900000 0
4.900000 0
9.900000 0
4.850000 0
9.900000 0
9.850000 0
14.900000 0
5.000000 8
4.900000 4
9.950000 8
4.950000 4
10.000000 8
9.950000 4
15.000000 8
4.950000 0
4.950000 8
9.950000 0
5.000000 0
10.000000 0
9.950000 0
15.000000 0
5.000000 0
5.000000 12
9.950000 0
4.950000 0
10.000000 0
9.950000 0
15.000000 0
4.950000 0
4.950000 0
9.950000 0
4.900000 0
9.950000 0
9.900000 0
14.950000 0
4.900000 0
4.900000 0
9.900000 0
4.850000 0
9.900000 0
9.900000 0
14.900000 0
4.950000 4
4.950000 8
9.950000 4
5.000000 4
10.000000 4
9.950000 4
15.000000 4
5.000000 4
5.000000 8
9.950000 4
4.950000 0
10.000000 4
9.950000 0
15.000000 4
4.950000 0
4.950000 0
9.950000 0
4.900000 0
9.950000 0
9.900000 0
14.950000 0
4.900000 0
5.000000 0
9.950000 0
4.850000 0
9.900000 0
9.900000 0
14.950000 0
4.900000 0
4.950000 0
9.950000 0
4.850000 0
9.900000 0
9.900000 0
14.950000 0
4.900000 4
4.900000 4
9.900000 4
4.950000 4
9.950000 4
9.950000 4
14.950000 4
4.950000 4
4.950000 4
9.950000 4
4.900000 0
9.950000 4
9.900000 0
14.950000 4
4.900000 0
5.000000 4
9.950000 4
4.850000 0
9.900000 0
9.900000 4
14.950000 4
4.900000 0
4.950000 0
9.950000 0
4.850000 0
9.900000 0
9.900000 0
14.950000 0
4.900000 0
4.900000 0
9.900000 0
4.850000 0
9.900000 0
9.900000 0
14.900000 0
4.900000 8
4.850000 8
9.900000 8
4.950000 12
9.950000 12
9.900000 12
14.950000 12
4.950000 12
4.850000 0
9.900000 12
4.900000 0
9.950000 12
9.900000 0
14.950000 12
4.900000 0
4.900000 12
9.900000 0
4.850000 0
9.900000 0
9.850000 0
14.900000 0
4.850000 0
4.850000 0
9.850000 0
4.800000 0
9.850000 0
9.850000 0
14.850000 0
4.850000 0
4.850000 0
9.850000 0
4.800000 0
9.850000 0
9.800000 0
14.850000 0
4.950000 8
4.850000 4
9.900000 8
5.000000 12
10.000000 12
9.900000 12
14.950000 8
5.000000 12
4.900000 8
9.950000 12
4.950000 0
10.000000 12
9.900000 0
14.950000 0
4.950000 0
4.950000 12
9.900000 0
4.900000 0
9.950000 0
9.900000 0
14.950000 0
4.900000 0
4.900000 0
9.900000 0
4.850000 0
9.900000 0
9.850000 0
14.900000 0
4.850000 0
4.850000 0
9.850000 0
4.800000 0
9.850000 0
9.850000 0
14.850000 0
5.000000 8
4.900000 8
9.950000 8
4.950000 4
10.000000 8
9.900000 4
14.950000 4
4.950000 0
4.950000 8
9.900000 0
5.000000 0
10.000000 0
9.900000 0
14.950000 0
5.000000 0
5.000000 12
9.950000 0
4.950000 0
10.000000 0
9.900000 12
14.950000 0
4.950000 0
4.950000 0
9.900000 0
4.900000 0
9.950000 0
9.900000 0
14.950000 0
4.900000 0
4.900000 0
9.900000 0
4.850000 0
9.900000 0
9.850000 0
14.900000 0
4.950000 4
4.950000 8
9.900000 4
5.000000 4
10.000000 4
9.900000 4
14.950000 4
5.000000 4
5.000000 8
9.950000 4
4.950000 0
10.000000 4
9.900000 8
14.950000 0
4.950000 0
4.950000 0
9.900000 0
4.900000 0
9.950000 0
9.900000 0
14.950000 0
4.900000 0
5.000000 0
9.950000 0
4.850000 0
9.900000 0
9.900000 0
14.950000 0
4.850000 0
4.950000 0
9.900000 0
4.800000 0
9.850000 0
9.850000 0
14.900000 0
4.900000 4
4.900000 4
9.900000 4
4.950000 4
9.950000 4
9.900000 4
14.950000 4
4.950000 4
4.950000 4
9.900000 4
4.900000 0
9.950000 4
9.900000 0
14.950000 4
4.900000 0
5.000000 4
9.950000 4
4.850000 0
9.900000 0
9.900000 4
14.950000 4
4.850000 0
4.950000 0
9.900000 0
4.800000 0
9.850000 0
9.850000 0
14.900000 0
4.850000 0
4.900000 0
9.900000 0
4.800000 0
9.850000 0
9.850000 0
14.900000 0
5.000000 10
4.900000 10
9.950000 10
4.950000 9
10.000000 10
9.950000 14
15.000000 14
5.000000 2
4.900000 2
9.950000 2
4.950000 1
10.000000 2
9.900000 2
14.950000 2
5.000000 2
4.900000 2
9.950000 2
4.950000 1
10.000000 2
9.950000 13
15.000000 14
5.000000 2
4.900000 2
9.950000 2
4.950000 1
10.000000 2
9.900000 1
14.950000 1
5.000000 2
4.900000 2
9.950000 2
4.950000 1
10.000000 2
9.850000 1
14.900000 2
5.000000 6
4.900000 6
9.950000 6
5.000000 13
10.000000 6
9.950000 14
15.000000 15
5.000000 2
4.900000 2
9.950000 2
4.950000 1
10.000000 2
9.950000 2
15.000000 2
5.000000 2
4.950000 13
10.000000 14
4.950000 1
10.000000 2
9.950000 13
15.000000 14
5.000000 2
4.900000 1
9.950000 2
4.950000 1
10.000000 2
9.950000 1
15.000000 2
5.000000 2
4.900000 2
9.950000 2
4.950000 1
10.000000 2
9.900000 1
14.950000 1
5.000000 6
4.900000 6
9.950000 6
4.950000 5
10.000000 6
9.950000 6
15.000000 6
5.000000 2
4.950000 9
10.000000 10
5.000000 1
10.000000 1
9.950000 2
15.000000 3
5.000000 1
5.000000 13
10.000000 14
4.950000 1
10.000000 1
10.000000 13
15.000000 1
5.000000 2
4.950000 1
10.000000 2
4.950000 1
10.000000 2
9.950000 1
15.000000 2
5.000000 2
4.900000 1
9.950000 2
4.950000 1
10.000000 2
9.950000 1
15.000000 2
5.000000 6
4.950000 9
10.000000 10
5.000000 5
10.000000 5
9.950000 6
15.000000 7
5.000000 2
5.000000 9
10.000000 10
4.950000 1
10.000000 2
10.000000 9
15.000000 2
5.000000 2
4.950000 1
10.000000 2
4.950000 1
10.000000 2
9.950000 1
15.000000 2
5.000000 2
5.000000 1
10.000000 2
4.950000 1
10.000000 2
10.000000 1
15.000000 1
5.000000 2
4.950000 1
10.000000 2
4.950000 1
10.000000 2
9.950000 1
15.000000 2
5.000000 6
4.900000 5
9.950000 6
4.950000 5
10.000000 6
9.950000 5
15.000000 6
5.000000 2
4.950000 5
10.000000 6
4.950000 1
10.000000 2
9.950000 5
15.000000 6
5.000000 2
5.000000 5
10.000000 6
4.950000 1
10.000000 2
10.000000 5
15.000000 2
5.000000 2
4.950000 1
10.000000 2
4.950000 1
10.000000 2
9.950000 1
15.000000 2
5.000000 2
4.900000 1
9.950000 2
4.950000 1
10.000000 2
9.950000 1
15.000000 2
4.950000 8
4.950000 10
9.950000 10
5.000000 8
10.000000 8
9.950000 14
14.950000 8
4.950000 0
4.950000 2
9.950000 14
5.000000 0
10.000000 0
9.950000 2
14.950000 0
4.950000 0
4.950000 2
9.950000 2
5.000000 0
10.000000 0
9.950000 12
15.000000 12
4.950000 0
4.950000 2
9.900000 0
5.000000 0
10.000000 0
9.900000 0
14.950000 0
4.950000 0
4.950000 2
9.900000 0
5.000000 0
10.000000 0
9.900000 0
14.950000 0
4.950000 4
4.950000 6
9.950000 10
5.000000 4
10.000000 4
10.000000 14
15.000000 14
5.000000 12
4.950000 2
10.000000 14
5.000000 0
10.000000 0
9.950000 2
15.000000 8
4.950000 0
4.950000 2
9.950000 2
5.000000 0
10.000000 0
10.000000 12
15.000000 12
4.950000 0
4.950000 2
9.950000 0
5.000000 0
10.000000 0
9.950000 0
15.000000 0
4.950000 0
4.950000 2
9.900000 0
5.000000 0
10.000000 0
9.900000 0
14.950000 0
5.000000 8
4.950000 6
10.000000 10
5.000000 4
10.000000 4
9.950000 6
15.000000 10
4.950000 0
4.950000 2
9.950000 2
5.000000 0
10.000000 0
10.000000 2
15.000000 2
5.000000 0
5.000000 12
10.000000 2
5.000000 0
10.000000 0
10.000000 12
15.000000 2
4.950000 0
4.950000 0
9.950000 0
5.000000 0
10.000000 0
10.000000 0
15.000000 0
4.950000 0
4.950000 2
9.950000 0
5.000000 0
10.000000 0
9.950000 0
15.000000 0
4.950000 4
4.950000 6
9.950000 6
5.000000 4
10.000000 4
10.000000 6
15.000000 6
5.000000 4
5.000000 8
10.000000 6
5.000000 0
10.000000 0
10.000000 8
15.000000 0
4.950000 0
4.950000 0
9.950000 0
5.000000 0
10.000000 0
10.000000 0
15.000000 0
4.950000 0
5.000000 0
10.000000 0
5.000000 0
10.000000 0
10.000000 0
15.000000 0
4.950000 0
4.950000 0
9.950000 0
5.000000 0
10.000000 0
10.000000 0
15.000000 0
4.950000 4
4.950000 6
9.950000 4
5.000000 4
10.000000 4
9.950000 4
15.000000 4
4.950000 0
4.950000 2
9.950000 4
5.000000 0
10.000000 0
10.000000 4
15.000000 4
4.950000 0
5.000000 4
10.000000 4
5.000000 0
10.000000 0
10.000000 4
15.000000 0
4.950000 0
4.950000 0
9.950000 0
5.000000 0
10.000000 0
10.000000 0
15.000000 0
4.950000 0
4.950000 2
9.950000 0
5.000000 0
10.000000 0
9.950000 0
15.000000 0
5.000000 8
5.000000 11
9.950000 8
4.950000 8
10.000000 8
10.000000 15
15.000000 12
5.000000 0
5.000000 3
10.000000 15
4.950000 0
10.000000 0
9.950000 3
15.000000 15
5.000000 0
5.000000 3
9.950000 0
4.950000 0
10.000000 0
9.950000 12
15.000000 12
5.000000 0
5.000000 3
9.950000 0
4.950000 0
10.000000 0
9.900000 3
14.950000 0
5.000000 0
5.000000 3
9.950000 0
4.950000 0
10.000000 0
9.900000 3
14.950000 3
5.000000 4
5.000000 7
10.000000 11
5.000000 12
10.000000 4
10.000000 15
15.000000 11
5.000000 0
5.000000 3
10.000000 15
4.950000 0
10.000000 0
10.000000 3
15.000000 0
5.000000 0
5.000000 3
10.000000 3
4.950000 0
10.000000 0
9.950000 3
15.000000 3
5.000000 0
5.000000 3
9.950000 0
4.950000 0
10.000000 0
9.950000 0
15.000000 0
5.000000 0
5.000000 3
9.950000 0
4.950000 0
10.000000 0
9.900000 3
14.950000 0
5.000000 4
5.000000 7
10.000000 11
4.950000 4
10.000000 4
10.000000 7
15.000000 4
5.000000 0
5.000000 3
10.000000 3
5.000000 0
10.000000 0
10.000000 3
15.000000 1
5.000000 0
5.000000 3
10.000000 3
4.950000 0
10.000000 0
10.000000 3
15.000000 0
5.000000 0
5.000000 3
10.000000 0
4.950000 0
10.000000 0
9.950000 0
15.000000 0
5.000000 0
5.000000 3
9.950000 0
4.950000 0
10.000000 0
9.950000 0
15.000000 0
5.000000 4
5.000000 7
10.000000 7
5.000000 4
10.000000 4
10.000000 7
15.000000 5
5.000000 0
5.000000 3
10.000000 7
4.950000 0
10.000000 0
10.000000 3
15.000000 0
5.000000 0
5.000000 3
10.000000 0
4.950000 0
10.000000 0
9.950000 0
15.000000 0
5.000000 0
5.000000 0
10.000000 0
4.950000 0
10.000000 0
10.000000 0
15.000000 0
5.000000 0
5.000000 3
10.000000 0
4.950000 0
10.000000 0
9.950000 0
15.000000 0
5.000000 4
5.000000 7
9.950000 4
4.950000 4
10.000000 4
10.000000 7
15.000000 4
5.000000 0
5.000000 3
10.000000 4
4.950000 0
10.000000 0
9.950000 3
15.000000 4
5.000000 0
5.000000 3
10.000000 4
4.950000 0
10.000000 0
10.000000 4
15.000000 0
5.000000 0
5.000000 3
10.000000 0
4.950000 0
10.000000 0
9.950000 0
15.000000 0
5.000000 0
5.000000 3
9.950000 0
4.950000 0
10.000000 0
9.950000 0
15.000000 0
4.950000 8
4.950000 8
9.950000 8
4.950000 12
9.950000 8
9.950000 12
14.950000 8
4.950000 0
4.950000 0
9.950000 12
4.900000 0
9.950000 0
9.950000 0
14.950000 0
4.950000 0
4.950000 0
9.950000 0
4.900000 0
9.950000 0
9.900000 0
14.950000 0
4.950000 0
4.950000 0
9.900000 0
4.900000 0
9.950000 0
9.900000 0
14.950000 0
4.950000 0
4.950000 0
9.900000 0
4.900000 0
9.950000 0
9.850000 0
14.900000 0
4.950000 4
4.950000 4
9.950000 8
5.000000 12
10.000000 12
10.000000 12
15.000000 12
5.000000 12
4.950000 0
10.000000 12
4.950000 0
10.000000 12
9.950000 0
15.000000 12
4.950000 0
4.950000 0
9.950000 0
4.900000 0
9.950000 0
9.950000 0
14.950000 0
4.950000 0
4.950000 0
9.950000 0
4.900000 0
9.950000 0
9.900000 0
14.950000 0
4.950000 0
4.950000 0
9.900000 0
4.900000 0
9.950000 0
9.900000 0
14.950000 0
5.000000 8
4.950000 4
10.000000 8
4.950000 4
10.000000 8
9.950000 4
15.000000 8
4.950000 0
4.950000 0
9.950000 0
5.000000 0
10.000000 0
10.000000 0
15.000000 0
5.000000 0
5.000000 12
10.000000 0
4.950000 0
10.000000 0
9.950000 0
15.000000 0
4.950000 0
4.950000 0
9.950000 0
4.900000 0
9.950000 0
9.950000 0
14.950000 0
4.950000 0
4.950000 0
9.950000 0
4.900000 0
9.950000 0
9.900000 0
14.950000 0
4.950000 4
4.950000 4
9.950000 4
5.000000 4
10.000000 4
10.000000 4
15.000000 4
5.000000 4
5.000000 8
10.000000 4
4.950000 0
10.000000 4
9.950000 0
15.000000 4
4.950000 0
4.950000 0
9.950000 0
4.900000 0
9.950000 0
9.950000 0
14.950000 0
4.950000 0
5.000000 0
10.000000 0
4.900000 0
9.950000 0
9.950000 0
15.000000 0
4.950000 0
4.950000 0
9.950000 0
4.900000 0
9.950000 0
9.950000 0
14.950000 0
4.950000 4
4.950000 4
9.950000 4
4.950000 4
9.950000 4
9.950000 4
14.950000 4
4.950000 0
4.950000 0
9.950000 4
4.900000 0
9.950000 0
9.950000 0
14.950000 0
4.950000 0
5.000000 4
10.000000 4
4.900000 0
9.950000 0
9.950000 4
15.000000 4
4.950000 0
4.950000 0
9.950000 0
4.900000 0
9.950000 0
9.950000 0
14.950000 0
4.950000 0
4.950000 0
9.950000 0
4.900000 0
9.950000 0
9.900000 0
14.950000 0
4.900000 8
4.900000 8
9.900000 8
4.950000 12
9.950000 12
9.950000 12
14.950000 12
4.950000 12
4.900000 0
9.950000 12
4.900000 0
9.950000 12
9.900000 0
14.950000 12
4.900000 0
4.900000 0
9.900000 0
4.850000 0
9.900000 0
9.900000 0
14.900000 0
4.900000 0
4.900000 0
9.900000 0
4.850000 0
9.900000 0
9.850000 0
14.900000 0
4.900000 0
4.900000 0
9.850000 0
4.850000 0
9.900000 0
9.850000 0
14.900000 0
4.950000 8
4.900000 4
9.950000 8
5.000000 12
10.000000 12
9.950000 12
15.000000 12
5.000000 12
4.900000 0
9.950000 12
4.950000 0
10.000000 12
9.950000 0
15.000000 12
4.950000 0
4.950000 12
9.950000 0
4.900000 0
9.950000 0
9.900000 0
14.950000 0
4.900000 0
4.900000 0
9.900000 0
4.850000 0
9.900000 0
9.900000 0
14.900000 0
4.900000 0
4.900000 0
9.900000 0
4.850000 0
9.900000 0
9.850000 0
14.900000 0
5.000000 8
4.900000 4
9.950000 8
4.950000 4
10.000000 8
9.950000 4
15.000000 8
4.950000 0
4.950000 8
9.950000 0
5.000000 0
10.000000 0
9.950000 0
15.000000 0
5.000000 0
5.000000 12
9.950000 0
4.950000 0
10.000000 0
9.950000 0
15.000000 0
4.950000 0
4.950000 0
9.950000 0
4.900000 0
9.950000 0
9.900000 0
14.950000 0
4.900000 0
4.900000 0
9.900000 0
4.850000 0
9.900000 0
9.900000 0
14.900000 0
4.950000 4
4.950000 8
9.950000 4
5.000000 4
10.000000 4
9.950000 4
15.000000 4
5.000000 4
5.000000 8
9.950000 4
4.950000 0
10.000000 4
9.950000 0
15.000000 4
4.950000 0
4.950000 0
9.950000 0
4.900000 0
9.950000 0
9.900000 0
14.950000 0
4.900000 0
5.000000 0
9.950000 0
4.850000 0
9.900000 0
9.900000 0
14.950000 0
4.900000 0
4.950000 0
9.950000 0
4.850000 0
9.900000 0
9.900000 0
14.950000 0
4.900000 4
4.900000 4
9.900000 4
4.950000 4
9.950000 4
9.950000 4
14.950000 4
4.950000 4
4.950000 4
9.950000 4
4.900000 0
9.950000 4
9.900000 0
14.950000 4
4.900000 0
5.000000 4
9.950000 4
4.850000 0
9.900000 0
9.900000 4
14.950000 4
4.900000 0
4.950000 0
9.950000 0
4.850000 0
9.900000 0
9.900000 0
14.950000 0
4.900000 0
4.900000 0
9.900000 0
4.850000 0
9.900000 0
9.900000 0
14.900000 0
4.950000 9
4.950000 10
9.950000 10
5.000000 9
10.000000 9
9.950000 14
14.950000 9
4.950000 1
4.950000 2
9.950000 14
5.000000 1
10.000000 1
9.950000 2
14.950000 1
4.950000 1
4.950000 2
9.950000 2
5.000000 1
10.000000 1
9.950000 13
15.000000 13
4.950000 1
4.950000 2
9.900000 1
5.000000 1
10.000000 1
9.900000 1
14.950000 1
4.950000 1
4.950000 2
9.900000 1
5.000000 1
10.000000 1
9.900000 1
14.950000 1
4.950000 5
4.950000 6
9.950000 10
5.000000 5
10.000000 5
10.000000 14
15.000000 14
5.000000 13
4.950000 2
10.000000 14
5.000000 1
10.000000 1
9.950000 2
15.000000 9
4.950000 1
4.950000 2
9.950000 2
5.000000 1
10.000000 1
10.000000 13
15.000000 13
4.950000 1
4.950000 2
9.950000 1
5.000000 1
10.000000 1
9.950000 1
15.000000 1
4.950000 1
4.950000 2
9.900000 1
5.000000 1
10.000000 1
9.900000 1
14.950000 1
5.000000 9
4.950000 6
10.000000 10
5.000000 5
10.000000 5
9.950000 6
15.000000 10
4.950000 1
4.950000 2
9.950000 2
5.000000 1
10.000000 1
10.000000 2
15.000000 2
5.000000 1
5.000000 13
10.000000 2
5.000000 1
10.000000 1
10.000000 13
15.000000 2
4.950000 1
4.950000 1
9.950000 1
5.000000 1
10.000000 1
10.000000 1
15.000000 1
4.950000 1
4.950000 2
9.950000 1
5.000000 1
10.000000 1
9.950000 1
15.000000 1
4.950000 5
4.950000 6
9.950000 6
5.000000 5
10.000000 5
10.000000 6
15.000000 6
5.000000 5
5.000000 9
10.000000 6
5.000000 1
10.000000 1
10.000000 9
15.000000 1
4.950000 1
4.950000 1
9.950000 1
5.000000 1
10.000000 1
10.000000 1
15.000000 1
4.950000 1
5.000000 1
10.000000 1
5.000000 1
10.000000 1
10.000000 1
15.000000 1
4.950000 1
4.950000 1
9.950000 1
5.000000 1
10.000000 1
10.000000 1
15.000000 1
4.950000 5
4.950000 6
9.950000 5
5.000000 5
10.000000 5
9.950000 5
15.000000 5
4.950000 1
4.950000 2
9.950000 5
5.000000 1
10.000000 1
10.000000 5
15.000000 5
4.950000 1
5.000000 5
10.000000 5
5.000000 1
10.000000 1
10.000000 5
15.000000 1
4.950000 1
4.950000 1
9.950000 1
5.000000 1
10.000000 1
10.000000 1
15.000000 1
4.950000 1
4.950000 2
9.950000 1
5.000000 1
10.000000 1
9.950000 1
15.000000 1
5.000000 9
5.000000 10
9.950000 9
4.950000 8
10.000000 9
10.000000 14
15.000000 13
5.000000 1
5.000000 2
10.000000 14
4.950000 0
10.000000 1
9.950000 2
15.000000 14
5.000000 1
5.000000 2
9.950000 1
4.950000 0
10.000000 1
9.950000 12
15.000000 13
5.000000 1
5.000000 2
9.950000 1
4.950000 0
10.000000 1
9.900000 2
14.950000 0
5.000000 1
5.000000 2
9.950000 1
4.950000 0
10.000000 1
9.900000 2
14.950000 2
5.000000 5
5.000000 6
10.000000 10
5.000000 12
10.000000 5
10.000000 14
15.000000 10
5.000000 1
5.000000 2
10.000000 14
4.950000 0
10.000000 1
10.000000 2
15.000000 1
5.000000 1
5.000000 2
10.000000 2
4.950000 0
10.000000 1
9.950000 2
15.000000 2
5.000000 1
5.000000 2
9.950000 1
4.950000 0
10.000000 1
9.950000 0
15.000000 1
5.000000 1
5.000000 2
9.950000 1
4.950000 0
10.000000 1
9.900000 2
14.950000 0
5.000000 5
5.000000 6
10.000000 10
4.950000 4
10.000000 5
10.000000 6
15.000000 5
5.000000 1
5.000000 2
10.000000 2
5.000000 0
10.000000 0
10.000000 2
15.000000 0
5.000000 0
5.000000 2
10.000000 2
4.950000 0
10.000000 0
10.000000 2
15.000000 0
5.000000 1
5.000000 2
10.000000 1
4.950000 0
10.000000 1
9.950000 0
15.000000 1
5.000000 1
5.000000 2
9.950000 1
4.950000 0
10.000000 1
9.950000 0
15.000000 1
5.000000 5
5.000000 6
10.000000 6
5.000000 4
10.000000 4
10.000000 6
15.000000 4
5.000000 1
5.000000 2
10.000000 6
4.950000 0
10.000000 1
10.000000 2
15.000000 1
5.000000 1
5.000000 2
10.000000 1
4.950000 0
10.000000 1
9.950000 0
15.000000 1
5.000000 1
5.000000 0
10.000000 1
4.950000 0
10.000000 1
10.000000 0
15.000000 0
5.000000 1
5.000000 2
10.000000 1
4.950000 0
10.000000 1
9.950000 0
15.000000 1
5.000000 5
5.000000 6
9.950000 5
4.950000 4
10.000000 5
10.000000 6
15.000000 5
5.000000 1
5.000000 2
10.000000 5
4.950000 0
10.000000 1
9.950000 2
15.000000 5
5.000000 1
5.000000 2
10.000000 5
4.950000 0
10.000000 1
10.000000 4
15.000000 1
5.000000 1
5.000000 2
10.000000 1
4.950000 0
10.000000 1
9.950000 0
15.000000 1
5.000000 1
5.000000 2
9.950000 1
4.950000 0
10.000000 1
9.950000 0
15.000000 1
4.950000 8
4.950000 8
9.950000 8
4.950000 12
9.950000 8
9.950000 12
14.950000 8
4.950000 0
4.950000 0
9.950000 12
4.900000 0
9.950000 0
9.950000 0
14.950000 0
4.950000 0
4.950000 0
9.950000 0
4.900000 0
9.950000 0
9.900000 0
14.950000 0
4.950000 0
4.950000 0
9.900000 0
4.900000 0
9.950000 0
9.900000 0
14.950000 0
4.950000 0
4.950000 0
9.900000 0
4.900000 0
9.950000 0
9.850000 0
14.900000 0
4.950000 4
4.950000 4
9.950000 8
5.000000 12
10.000000 12
10.000000 12
15.000000 12
5.000000 12
4.950000 0
10.000000 12
4.950000 0
10.000000 12
9.950000 0
15.000000 12
4.950000 0
4.950000 0
9.950000 0
4.900000 0
9.950000 0
9.950000 0
14.950000 0
4.950000 0
4.950000 0
9.950000 0
4.900000 0
9.950000 0
9.900000 0
14.950000 0
4.950000 0
4.950000 0
9.900000 0
4.900000 0
9.950000 0
9.900000 0
14.950000 0
5.000000 8
4.950000 4
10.000000 8
4.950000 4
10.000000 8
9.950000 4
15.000000 8
4.950000 0
4.950000 0
9.950000 0
5.000000 0
10.000000 0
10.000000 0
15.000000 0
5.000000 0
5.000000 12
10.000000 0
4.950000 0
10.000000 0
9.950000 0
15.000000 0
4.950000 0
4.950000 0
9.950000 0
4.900000 0
9.950000 0
9.950000 0
14.950000 0
4.950000 0
4.950000 0
9.950000 0
4.900000 0
9.950000 0
9.900000 0
14.950000 0
4.950000 4
4.950000 4
9.950000 4
5.000000 4
10.000000 4
10.000000 4
15.000000 4
5.000000 4
5.000000 8
10.000000 4
4.950000 0
10.000000 4
9.950000 0
15.000000 4
4.950000 0
4.950000 0
9.950000 0
4.900000 0
9.950000 0
9.950000 0
14.950000 0
4.950000 0
5.000000 0
10.000000 0
4.900000 0
9.950000 0
9.950000 0
15.000000 0
4.950000 0
4.950000 0
9.950000 0
4.900000 0
9.950000 0
9.950000 0
14.950000 0
4.950000 4
4.950000 4
9.950000 4
4.950000 4
9.950000 4
9.950000 4
14.950000 4
4.950000 0
4.950000 0
9.950000 4
4.900000 0
9.950000 0
9.950000 0
14.950000 0
4.950000 0
5.000000 4
10.000000 4
4.900000 0
9.950000 0
9.950000 4
15.000000 4
4.950000 0
4.950000 0
9.950000 0
4.900000 0
9.950000 0
9.950000 0
14.950000 0
4.950000 0
4.950000 0
9.950000 0
4.900000 0
9.950000 0
9.900000 0
14.950000 0
4.900000 8
5.000000 8
9.950000 8
4.950000 12
9.950000 12
10.000000 12
15.000000 12
4.950000 12
5.000000 0
10.000000 12
4.900000 0
9.950000 12
9.950000 0
15.000000 12
4.900000 0
5.000000 0
9.950000 0
4.850000 0
9.900000 0
9.900000 0
14.950000 0
4.900000 0
5.000000 0
9.950000 0
4.850000 0
9.900000 0
9.900000 0
14.950000 0
4.900000 0
5.000000 0
9.950000 0
4.850000 0
9.900000 0
9.900000 0
14.950000 0
4.950000 8
5.000000 4
10.000000 8
5.000000 12
10.000000 12
10.000000 12
15.000000 8
5.000000 12
5.000000 0
10.000000 12
4.950000 0
10.000000 12
10.000000 0
15.000000 0
4.950000 0
5.000000 0
10.000000 0
4.900000 0
9.950000 0
9.950000 0
15.000000 0
4.900000 0
5.000000 0
9.950000 0
4.850000 0
9.900000 0
9.900000 0
14.950000 0
4.900000 0
5.000000 0
9.950000 0
4.850000 0
9.900000 0
9.900000 0
14.950000 0
5.000000 8
5.000000 4
10.000000 8
4.950000 4
10.000000 8
10.000000 4
15.000000 4
4.950000 0
5.000000 0
10.000000 0
5.000000 0
10.000000 0
10.000000 0
15.000000 0
5.000000 0
5.000000 0
10.000000 0
4.950000 0
10.000000 0
10.000000 0
15.000000 0
4.950000 0
5.000000 0
10.000000 0
4.900000 0
9.950000 0
9.950000 0
15.000000 0
4.900000 0
5.000000 0
9.950000 0
4.850000 0
9.900000 0
9.900000 0
14.950000 0
4.950000 4
5.000000 4
10.000000 4
5.000000 4
10.000000 4
10.000000 4
15.000000 4
5.000000 4
5.000000 0
10.000000 4
4.950000 0
10.000000 4
10.000000 0
15.000000 0
4.950000 0
5.000000 0
10.000000 0
4.900000 0
9.950000 0
9.950000 0
15.000000 0
4.900000 0
5.000000 0
9.950000 0
4.850000 0
9.900000 0
9.900000 0
14.950000 0
4.900000 0
5.000000 0
9.950000 0
4.850000 0
9.900000 0
9.900000 0
14.950000 0
4.900000 4
5.000000 4
9.950000 4
4.950000 4
9.950000 4
10.000000 4
15.000000 4
4.950000 4
5.000000 0
10.000000 4
4.900000 0
9.950000 4
9.950000 0
15.000000 4
4.900000 0
5.000000 0
9.950000 0
4.850000 0
9.900000 0
9.900000 0
14.950000 0
4.900000 0
5.000000 0
9.950000 0
4.850000 0
9.900000 0
9.900000 0
14.950000 0
4.900000 0
5.000000 0
9.950000 0
4.850000 0
9.900000 0
9.900000 0
14.950000 0
4.900000 8
4.950000 8
9.950000 8
4.950000 12
9.950000 12
9.950000 12
14.950000 8
4.950000 12
4.950000 0
9.950000 12
4.900000 0
9.950000 12
9.950000 0
14.950000 0
4.900000 0
4.950000 0
9.950000 0
4.850000 0
9.900000 0
9.900000 0
14.950000 0
4.850000 0
4.950000 0
9.900000 0
4.800000 0
9.850000 0
9.850000 0
14.900000 0
4.850000 0
4.950000 0
9.900000 0
4.800000 0
9.850000 0
9.850000 0
14.900000 0
4.950000 8
4.950000 4
9.950000 8
5.000000 12
10.000000 12
10.000000 12
15.000000 12
5.000000 12
4.950000 0
10.000000 12
4.950000 0
10.000000 12
9.950000 0
15.000000 12
4.950000 0
4.950000 0
9.950000 0
4.900000 0
9.950000 0
9.950000 0
14.950000 0
4.900000 0
4.950000 0
9.950000 0
4.850000 0
9.900000 0
9.900000 0
14.950000 0
4.850000 0
4.950000 0
9.900000 0
4.800000 0
9.850000 0
9.850000 0
14.900000 0
5.000000 8
4.950000 4
10.000000 8
4.950000 4
10.000000 8
9.950000 4
15.000000 8
4.950000 0
4.950000 0
9.950000 0
5.000000 0
10.000000 0
10.000000 0
15.000000 0
5.000000 0
5.000000 12
10.000000 0
4.950000 0
10.000000 0
9.950000 0
15.000000 0
4.950000 0
4.950000 0
9.950000 0
4.900000 0
9.950000 0
9.950000 0
14.950000 0
4.900000 0
4.950000 0
9.950000 0
4.850000 0
9.900000 0
9.900000 0
14.950000 0
4.950000 4
4.950000 4
9.950000 4
5.000000 4
10.000000 4
10.000000 4
15.000000 4
5.000000 4
5.000000 8
10.000000 4
4.950000 0
10.000000 4
9.950000 0
15.000000 4
4.950000 0
4.950000 0
9.950000 0
4.900000 0
9.950000 0
9.950000 0
14.950000 0
4.900000 0
5.000000 0
9.950000 0
4.850000 0
9.900000 0
9.900000 0
14.950000 0
4.850000 0
4.950000 0
9.900000 0
4.800000 0
9.850000 0
9.850000 0
14.900000 0
4.900000 4
4.950000 4
9.950000 4
4.950000 4
9.950000 4
9.950000 4
14.950000 4
4.950000 4
4.950000 0
9.950000 4
4.900000 0
9.950000 4
9.950000 0
14.950000 0
4.900000 0
5.000000 4
9.950000 0
4.850000 0
9.900000 0
9.900000 4
14.950000 0
4.850000 0
4.950000 0
9.900000 0
4.800000 0
9.850000 0
9.850000 0
14.900000 0
4.850000 0
4.950000 0
9.900000 0
4.800000 0
9.850000 0
9.850000 0
14.900000 0
4.900000 9
4.900000 9
9.900000 9
4.950000 9
9.950000 9
9.950000 13
14.950000 13
4.950000 13
4.900000 1
9.950000 13
4.950000 1
9.950000 1
9.900000 1
14.950000 9
4.900000 1
4.900000 1
9.900000 1
4.950000 1
9.950000 1
9.950000 13
14.950000 13
4.900000 1
4.900000 1
9.900000 1
4.950000 1
9.950000 1
9.900000 1
14.950000 1
4.900000 1
4.900000 1
9.850000 1
4.950000 1
9.950000 1
9.850000 1
14.900000 1
4.950000 9
4.900000 5
9.950000 9
5.000000 13
10.000000 13
9.950000 13
15.000000 13
5.000000 13
4.900000 1
9.950000 13
4.950000 1
10.000000 13
9.950000 1
15.000000 13
4.950000 1
4.950000 13
9.950000 1
4.950000 1
9.950000 1
9.950000 13
14.950000 1
4.900000 1
4.900000 1
9.900000 1
4.950000 1
9.950000 1
9.950000 1
14.950000 1
4.900000 1
4.900000 1
9.900000 1
4.950000 1
9.950000 1
9.900000 1
14.950000 1
5.000000 9
4.900000 5
9.950000 9
4.950000 5
10.000000 9
9.950000 5
15.000000 9
4.950000 1
4.950000 9
9.950000 1
5.000000 1
10.000000 1
9.950000 1
15.000000 1
5.000000 1
5.000000 13
9.950000 1
4.950000 1
10.000000 1
10.000000 13
15.000000 1
4.950000 1
4.950000 1
9.950000 1
4.950000 1
9.950000 1
9.950000 1
14.950000 1
4.900000 1
4.900000 1
9.900000 1
4.950000 1
9.950000 1
9.950000 1
14.950000 1
4.950000 5
4.950000 9
9.950000 5
5.000000 5
10.000000 5
9.950000 5
15.000000 5
5.000000 5
5.000000 9
9.950000 5
4.950000 1
10.000000 5
10.000000 9
15.000000 5
4.950000 1
4.950000 1
9.950000 1
4.950000 1
9.950000 1
9.950000 1
14.950000 1
4.900000 1
5.000000 1
9.950000 1
4.950000 1
9.950000 1
10.000000 1
15.000000 1
4.900000 1
4.950000 1
9.950000 1
4.950000 1
9.950000 1
9.950000 1
14.950000 1
4.900000 5
4.900000 5
9.900000 5
4.950000 5
9.950000 5
9.950000 5
14.950000 5
4.950000 5
4.950000 5
9.950000 5
4.950000 1
9.950000 1
9.950000 5
14.950000 1
4.900000 1
5.000000 5
9.950000 5
4.950000 1
9.950000 1
10.000000 5
15.000000 5
4.900000 1
4.950000 1
9.950000 1
4.950000 1
9.950000 1
9.950000 1
14.950000 1
4.900000 1
4.900000 1
9.900000 1
4.950000 1
9.950000 1
9.950000 1
14.950000 1
4.950000 9
4.950000 9
9.950000 9
4.950000 12
9.950000 9
9.950000 13
14.950000 9
4.950000 1
4.950000 1
9.950000 13
4.900000 0
9.950000 1
9.950000 1
14.950000 1
4.950000 1
4.950000 1
9.950000 1
4.900000 0
9.950000 1
9.900000 1
14.950000 1
4.950000 1
4.950000 1
9.900000 1
4.900000 0
9.950000 1
9.900000 0
14.950000 1
4.950000 1
4.950000 1
9.900000 1
4.900000 0
9.950000 1
9.850000 0
14.900000 0
4.950000 5
4.950000 5
9.950000 9
5.000000 12
10.000000 12
10.000000 13
15.000000 13
5.000000 12
4.950000 1
10.000000 13
4.950000 0
10.000000 12
9.950000 1
15.000000 13
4.950000 0
4.950000 1
9.950000 1
4.900000 0
9.950000 0
9.950000 1
14.950000 0
4.950000 1
4.950000 1
9.950000 1
4.900000 0
9.950000 1
9.900000 0
14.950000 1
4.950000 1
4.950000 1
9.900000 1
4.900000 0
9.950000 1
9.900000 0
14.950000 1
5.000000 8
4.950000 5
10.000000 9
4.950000 4
10.000000 8
9.950000 5
15.000000 9
4.950000 0
4.950000 1
9.950000 1
5.000000 0
10.000000 0
10.000000 1
15.000000 1
5.000000 0
5.000000 12
10.000000 1
4.950000 0
10.000000 0
9.950000 1
15.000000 1
4.950000 0
4.950000 0
9.950000 1
4.900000 0
9.950000 0
9.950000 0
14.950000 0
4.950000 1
4.950000 1
9.950000 1
4.900000 0
9.950000 1
9.900000 0
14.950000 1
4.950000 4
4.950000 5
9.950000 5
5.000000 4
10.000000 4
10.000000 5
15.000000 5
5.000000 4
5.000000 8
10.000000 5
4.950000 0
10.000000 4
9.950000 1
15.000000 5
4.950000 0
4.950000 0
9.950000 1
4.900000 0
9.950000 0
9.950000 0
14.950000 0
4.950000 1
5.000000 0
10.000000 1
4.900000 0
9.950000 1
9.950000 0
15.000000 1
4.950000 1
4.950000 0
9.950000 1
4.900000 0
9.950000 1
9.950000 0
14.950000 0
4.950000 5
4.950000 5
9.950000 5
4.950000 4
9.950000 4
9.950000 5
14.950000 4
4.950000 1
4.950000 1
9.950000 5
4.900000 0
9.950000 1
9.950000 1
14.950000 1
4.950000 1
5.000000 4
10.000000 5
4.900000 0
9.950000 1
9.950000 4
15.000000 5
4.950000 1
4.950000 0
9.950000 1
4.900000 0
9.950000 1
9.950000 0
14.950000 0
4.950000 1
4.950000 1
9.950000 1
4.900000 0
9.950000 1
9.900000 0
14.950000 1
4.900000 8
5.000000 9
9.950000 9
4.950000 12
9.950000 12
10.000000 13
15.000000 13
4.950000 12
5.000000 1
10.000000 13
4.900000 0
9.950000 12
9.950000 1
15.000000 13
4.900000 0
5.000000 1
9.950000 1
4.850000 0
9.900000 0
9.900000 1
14.950000 1
4.900000 0
5.000000 1
9.950000 1
4.850000 0
9.900000 0
9.900000 1
14.950000 1
4.900000 0
5.000000 1
9.950000 1
4.850000 0
9.900000 0
9.900000 1
14.950000 1
4.950000 8
5.000000 5
10.000000 9
5.000000 12
10.000000 12
10.000000 13
15.000000 9
5.000000 12
5.000000 1
10.000000 13
4.950000 0
10.000000 12
10.000000 1
15.000000 1
4.950000 0
5.000000 1
10.000000 1
4.900000 0
9.950000 0
9.950000 1
15.000000 1
4.900000 0
5.000000 1
9.950000 1
4.850000 0
9.900000 0
9.900000 1
14.950000 1
4.900000 0
5.000000 1
9.950000 1
4.850000 0
9.900000 0
9.900000 1
14.950000 1
5.000000 8
5.000000 5
10.000000 9
4.950000 4
10.000000 8
10.000000 5
15.000000 5
4.950000 0
5.000000 1
10.000000 1
5.000000 0
10.000000 0
10.000000 1
15.000000 0
5.000000 0
5.000000 1
10.000000 1
4.950000 0
10.000000 0
10.000000 1
15.000000 0
4.950000 0
5.000000 1
10.000000 1
4.900000 0
9.950000 0
9.950000 1
15.000000 1
4.900000 0
5.000000 1
9.950000 1
4.850000 0
9.900000 0
9.900000 1
14.950000 1
4.950000 4
5.000000 5
10.000000 5
5.000000 4
10.000000 4
10.000000 5
15.000000 4
5.000000 4
5.000000 1
10.000000 5
4.950000 0
10.000000 4
10.000000 1
15.000000 1
4.950000 0
5.000000 1
10.000000 1
4.900000 0
9.950000 0
9.950000 1
15.000000 1
4.900000 0
5.000000 0
9.950000 0
4.850000 0
9.900000 0
9.900000 0
14.950000 0
4.900000 0
5.000000 1
9.950000 0
4.850000 0
9.900000 0
9.900000 1
14.950000 0
4.900000 4
5.000000 5
9.950000 5
4.950000 4
9.950000 4
10.000000 5
15.000000 5
4.950000 4
5.000000 1
10.000000 5
4.900000 0
9.950000 4
9.950000 1
15.000000 5
4.900000 0
5.000000 1
9.950000 1
4.850000 0
9.900000 0
9.900000 1
14.950000 1
4.900000 0
5.000000 1
9.950000 0
4.850000 0
9.900000 0
9.900000 1
14.950000 0
4.900000 0
5.000000 1
9.950000 1
4.850000 0
9.900000 0
9.900000 1
14.950000 1
4.900000 8
4.950000 8
9.950000 8
4.950000 12
9.950000 12
9.950000 12
14.950000 8
4.950000 12
4.950000 0
9.950000 12
4.900000 0
9.950000 12
9.950000 0
14.950000 0
4.900000 0
4.950000 0
9.950000 0
4.850000 0
9.900000 0
9.900000 0
14.950000 0
4.850000 0
4.950000 0
9.900000 0
4.800000 0
9.850000 0
9.850000 0
14.900000 0
4.850000 0
4.950000 0
9.900000 0
4.800000 0
9.850000 0
9.850000 0
14.900000 0
4.950000 8
4.950000 4
9.950000 8
5.000000 12
10.000000 12
10.000000 12
15.000000 12
5.000000 12
4.950000 0
10.000000 12
4.950000 0
10.000000 12
9.950000 0
15.000000 12
4.950000 0
4.950000 0
9.950000 0
4.900000 0
9.950000 0
9.950000 0
14.950000 0
4.900000 0
4.950000 0
9.950000 0
4.850000 0
9.900000 0
9.900000 0
14.950000 0
4.850000 0
4.950000 0
9.900000 0
4.800000 0
9.850000 0
9.850000 0
14.900000 0
5.000000 8
4.950000 4
10.000000 8
4.950000 4
10.000000 8
9.950000 4
15.000000 8
4.950000 0
4.950000 0
9.950000 0
5.000000 0
10.000000 0
10.000000 0
15.000000 0
5.000000 0
5.000000 12
10.000000 0
4.950000 0
10.000000 0
9.950000 0
15.000000 0
4.950000 0
4.950000 0
9.950000 0
4.900000 0
9.950000 0
9.950000 0
14.950000 0
4.900000 0
4.950000 0
9.950000 0
4.850000 0
9.900000 0
9.900000 0
14.950000 0
4.950000 4
4.950000 4
9.950000 4
5.000000 4
10.000000 4
10.000000 4
15.000000 4
5.000000 4
5.000000 8
10.000000 4
4.950000 0
10.000000 4
9.950000 0
15.000000 4
4.950000 0
4.950000 0
9.950000 0
4.900000 0
9.950000 0
9.950000 0
14.950000 0
4.900000 0
5.000000 0
9.950000 0
4.850000 0
9.900000 0
9.900000 0
14.950000 0
4.850000 0
4.950000 0
9.900000 0
4.800000 0
9.850000 0
9.850000 0
14.900000 0
4.900000 4
4.950000 4
9.950000 4
4.950000 4
9.950000 4
9.950000 4
14.950000 4
4.950000 4
4.950000 0
9.950000 4
4.900000 0
9.950000 4
9.950000 0
14.950000 0
4.900000 0
5.000000 4
9.950000 0
4.850000 0
9.900000 0
9.900000 4
14.950000 0
4.850000 0
4.950000 0
9.900000 0
4.800000 0
9.850000 0
9.850000 0
14.900000 0
4.850000 0
4.950000 0
9.900000 0
4.800000 0
9.850000 0
9.850000 0
14.900000 0
4.900000 8
4.900000 8
9.900000 8
4.950000 12
9.950000 12
9.950000 12
14.950000 12
4.950000 12
4.900000 0
9.950000 12
4.900000 0
9.950000 12
9.900000 0
14.950000 12
4.900000 0
4.900000 0
9.900000 0
4.850000 0
9.900000 0
9.900000 0
14.900000 0
4.850000 0
4.900000 0
9.900000 0
4.800000 0
9.850000 0
9.850000 0
14.900000 0
4.800000 0
4.900000 0
9.850000 0
4.750000 0
9.800000 0
9.800000 0
14.850000 0
4.950000 8
4.900000 4
9.950000 8
5.000000 12
10.000000 12
9.950000 12
15.000000 12
5.000000 12
4.900000 0
9.950000 12
4.950000 0
10.000000 12
9.950000 0
15.000000 12
4.950000 0
4.950000 12
9.950000 0
4.900000 0
9.950000 0
9.900000 0
14.950000 0
4.900000 0
4.900000 0
9.900000 0
4.850000 0
9.900000 0
9.900000 0
14.900000 0
4.850000 0
4.900000 0
9.900000 0
4.800000 0
9.850000 0
9.850000 0
14.900000 0
5.000000 8
4.900000 4
9.950000 8
4.950000 4
10.000000 8
9.950000 4
15.000000 8
4.950000 0
4.950000 8
9.950000 0
5.000000 0
10.000000 0
9.950000 0
15.000000 0
5.000000 0
5.000000 12
9.950000 0
4.950000 0
10.000000 0
9.950000 0
15.000000 0
4.950000 0
4.950000 0
9.950000 0
4.900000 0
9.950000 0
9.900000 0
14.950000 0
4.900000 0
4.900000 0
9.900000 0
4.850000 0
9.900000 0
9.900000 0
14.900000 0
4.950000 4
4.950000 8
9.950000 4
5.000000 4
10.000000 4
9.950000 4
15.000000 4
5.000000 4
5.000000 8
9.950000 4
4.950000 0
10.000000 4
9.950000 0
15.000000 4
4.950000 0
4.950000 0
9.950000 0
4.900000 0
9.950000 0
9.900000 0
14.950000 0
4.900000 0
5.000000 0
9.950000 0
4.850000 0
9.900000 0
9.900000 0
14.950000 0
4.850000 0
4.950000 0
9.900000 0
4.800000 0
9.850000 0
9.850000 0
14.900000 0
4.900000 4
4.900000 4
9.900000 4
4.950000 4
9.950000 4
9.950000 4
14.950000 4
4.950000 4
4.950000 4
9.950000 4
4.900000 0
9.950000 4
9.900000 0
14.950000 4
4.900000 0
5.000000 4
9.950000 4
4.850000 0
9.900000 0
9.900000 4
14.950000 4
4.850000 0
4.950000 0
9.900000 0
4.800000 0
9.850000 0
9.850000 0
14.900000 0
4.800000 0
4.900000 0
9.850000 0
4.750000 0
9.800000 0
9.800000 0
14.850000 0
