0.000000 0
0.000000 0
4.718750 2
4.687500 2
9.593750 2
4.906250 2
9.750000 2
9.718750 2
14.625000 2
4.906250 2
9.750000 2
9.718750 2
14.625000 2
9.875000 2
14.718750 2
14.687500 2
19.593750 2
4.937500 2
9.750000 2
9.718750 2
14.625000 2
9.875000 2
14.718750 2
14.687500 2
19.593750 2
9.812500 2
14.656250 2
14.625000 2
19.531250 2
14.843750 2
19.687500 2
19.656250 2
24.562500 2
4.875000 2
9.750000 2
9.718750 2
14.625000 2
9.843750 2
14.718750 2
14.687500 2
19.593750 2
9.781250 2
14.656250 2
14.625000 2
19.531250 2
14.812500 2
19.687500 2
19.656250 2
24.562500 2
9.906250 2
14.781250 2
14.750000 2
19.656250 2
14.843750 2
19.687500 2
19.656250 2
24.562500 2
14.781250 2
19.625000 2
19.593750 2
24.500000 2
19.812500 2
24.656250 2
24.625000 2
29.531250 2
4.968750 3
9.750000 3
9.718750 3
14.625000 3
9.875000 3
14.718750 3
14.687500 3
19.593750 3
9.812500 3
14.656250 3
14.625000 3
19.531250 3
14.843750 3
19.687500 3
19.656250 3
24.562500 3
9.968750 3
14.781250 3
14.750000 3
19.656250 3
14.906250 3
19.750000 3
19.718750 3
24.625000 3
14.843750 3
19.687500 3
19.656250 3
24.562500 3
19.875000 3
24.718750 3
24.687500 3
29.593750 3
9.906250 3
14.781250 3
14.750000 3
19.656250 3
14.843750 3
19.687500 3
19.656250 3
24.562500 3
14.781250 3
19.625000 3
19.593750 3
24.500000 3
19.812500 3
24.656250 3
24.625000 3
29.531250 3
14.937500 3
19.812500 3
19.781250 3
24.687500 3
19.875000 3
24.718750 3
24.687500 3
29.593750 3
19.812500 3
24.656250 3
24.625000 3
29.531250 3
24.843750 3
29.687500 3
29.656250 3
34.562500 3
4.750000 2
4.718750 2
9.625000 2
4.937500 2
9.781250 2
9.750000 2
14.656250 2
4.937500 2
9.781250 2
9.750000 2
14.656250 2
9.906250 2
14.750000 2
14.718750 2
19.625000 2
4.968750 3
9.781250 3
9.750000 3
14.656250 3
9.906250 3
14.750000 3
14.718750 3
19.625000 3
9.843750 3
14.687500 3
14.656250 3
19.562500 3
14.875000 3
19.718750 3
19.687500 3
24.593750 3
4.906250 2
9.781250 2
9.750000 2
14.656250 2
9.875000 2
14.750000 2
14.718750 2
19.625000 2
9.812500 2
14.687500 2
14.656250 2
19.562500 2
14.843750 2
19.718750 2
19.687500 2
24.593750 2
9.937500 3
14.812500 3
14.781250 3
19.687500 3
14.875000 3
19.718750 2
19.687500 2
24.593750 2
14.812500 3
19.656250 2
19.625000 2
24.531250 2
19.843750 3
24.687500 2
24.656250 2
29.562500 2
4.937500 0
9.718750 0
9.687500 0
14.593750 0
9.843750 0
14.687500 0
14.656250 0
19.562500 0
9.781250 0
14.625000 0
14.593750 0
19.500000 0
14.812500 0
19.656250 0
19.625000 0
24.531250 0
9.968750 3
14.750000 0
14.718750 0
19.625000 0
14.875000 0
19.718750 0
19.687500 0
24.593750 0
14.812500 0
19.656250 0
19.625000 0
24.531250 0
19.843750 0
24.687500 0
24.656250 0
29.562500 0
9.875000 0
14.750000 0
14.718750 0
19.625000 0
14.812500 0
19.656250 0
19.625000 0
24.531250 0
14.750000 0
19.593750 0
19.562500 0
24.468750 0
19.781250 0
24.625000 0
24.593750 0
29.500000 0
14.906250 0
19.781250 0
19.750000 0
24.656250 0
19.843750 0
24.687500 0
24.656250 0
29.562500 0
19.781250 0
24.625000 0
24.593750 0
29.500000 0
24.812500 0
29.656250 0
29.625000 0
34.531250 0
4.781250 2
4.750000 2
9.656250 2
4.968750 2
9.812500 2
9.781250 2
14.687500 2
4.968750 2
9.812500 2
9.781250 2
14.687500 2
9.937500 2
14.781250 2
14.750000 2
19.656250 2
4.937500 0
9.750000 0
9.718750 0
14.625000 0
9.906250 2
14.718750 0
14.687500 0
19.593750 0
9.843750 2
14.656250 0
14.625000 0
19.531250 0
14.875000 2
19.687500 0
19.656250 0
24.562500 0
4.937500 3
9.812500 3
9.781250 3
14.687500 3
9.906250 2
14.781250 2
14.750000 2
19.656250 2
9.843750 2
14.718750 2
14.687500 2
19.593750 2
14.875000 2
19.750000 2
19.718750 2
24.625000 2
9.906250 0
14.781250 0
14.750000 0
19.656250 0
14.875000 2
19.750000 2
19.718750 2
24.625000 2
14.812500 2
19.687500 2
19.656250 2
24.562500 2
19.843750 2
24.718750 2
24.687500 2
29.593750 2
4.906250 0
9.687500 0
9.656250 0
14.562500 0
9.875000 2
14.656250 0
14.625000 0
19.531250 0
9.812500 2
14.593750 0
14.562500 0
19.468750 0
14.843750 2
19.625000 0
19.593750 0
24.500000 0
9.937500 0
14.718750 0
14.687500 0
19.593750 0
14.906250 2
19.687500 0
19.656250 0
24.562500 0
14.843750 2
19.625000 0
19.593750 0
24.500000 0
19.875000 2
24.656250 0
24.625000 0
29.531250 0
9.875000 3
14.718750 0
14.687500 0
19.593750 0
14.843750 2
19.687500 2
19.656250 2
24.562500 2
14.781250 2
19.625000 2
19.593750 2
24.500000 2
19.812500 2
24.656250 2
24.625000 2
29.531250 2
14.906250 3
19.750000 0
19.718750 0
24.625000 0
19.875000 2
24.718750 2
24.687500 2
29.593750 2
19.812500 2
24.656250 2
24.625000 2
29.531250 2
24.843750 2
29.687500 2
29.656250 2
34.562500 2
4.812500 2
4.781250 2
9.687500 2
5.000000 3
9.843750 3
9.812500 3
14.718750 3
5.000000 2
9.843750 2
9.812500 2
14.718750 2
9.968750 2
14.812500 2
14.781250 2
19.687500 2
4.906250 0
9.718750 0
9.687500 0
14.593750 0
9.937500 3
14.750000 3
14.718750 3
19.625000 3
9.875000 2
14.687500 2
14.656250 2
19.562500 2
14.906250 2
19.718750 2
19.687500 2
24.593750 2
4.906250 0
9.781250 0
9.750000 0
14.656250 0
9.937500 3
14.812500 3
14.781250 3
19.687500 3
9.875000 2
14.750000 2
14.718750 2
19.625000 2
14.906250 2
19.781250 2
19.750000 2
24.656250 2
9.875000 0
14.750000 0
14.718750 0
19.625000 0
14.906250 3
19.781250 3
19.750000 3
24.656250 3
14.843750 2
19.718750 2
19.687500 2
24.593750 2
19.875000 2
24.750000 2
24.718750 2
29.625000 2
4.875000 0
9.656250 0
9.625000 0
14.531250 0
9.906250 3
14.687500 3
14.656250 3
19.562500 3
9.843750 2
14.625000 2
14.593750 2
19.500000 2
14.875000 2
19.656250 2
19.625000 2
24.531250 2
9.906250 0
14.687500 0
14.656250 0
19.562500 0
14.937500 3
19.718750 3
19.687500 3
24.593750 3
14.875000 2
19.656250 2
19.625000 2
24.531250 2
19.906250 2
24.687500 2
24.656250 2
29.562500 2
9.843750 0
14.687500 0
14.656250 0
19.562500 0
14.875000 3
19.718750 3
19.687500 3
24.593750 3
14.812500 2
19.656250 2
19.625000 2
24.531250 2
19.843750 2
24.687500 2
24.656250 2
29.562500 2
14.875000 0
19.718750 0
19.687500 0
24.593750 0
19.906250 3
24.750000 3
24.718750 3
29.625000 3
19.843750 2
24.687500 2
24.656250 2
29.562500 2
24.875000 2
29.718750 2
29.687500 2
34.593750 2
4.843750 3
4.812500 2
9.718750 3
4.968750 0
9.812500 0
9.781250 0
14.687500 0
4.968750 0
9.812500 0
9.781250 0
14.687500 0
9.937500 0
14.781250 0
14.750000 0
19.656250 0
4.875000 0
9.687500 0
9.656250 0
14.562500 0
9.906250 0
14.718750 0
14.687500 0
19.593750 0
9.843750 0
14.656250 0
14.625000 0
19.531250 0
14.875000 0
19.687500 0
19.656250 0
24.562500 0
4.875000 0
9.750000 0
9.718750 0
14.625000 0
9.906250 0
14.781250 0
14.750000 0
19.656250 0
9.843750 0
14.718750 0
14.687500 0
19.593750 0
14.875000 0
19.750000 0
19.718750 0
24.625000 0
9.843750 0
14.718750 0
14.687500 0
19.593750 0
14.875000 0
19.750000 0
19.718750 0
24.625000 0
14.812500 0
19.687500 0
19.656250 0
24.562500 0
19.843750 0
24.718750 0
24.687500 0
29.593750 0
4.843750 0
9.625000 0
9.593750 0
14.500000 0
9.875000 0
14.656250 0
14.625000 0
19.531250 0
9.812500 0
14.593750 0
14.562500 0
19.468750 0
14.843750 0
19.625000 0
19.593750 0
24.500000 0
9.875000 0
14.656250 0
14.625000 0
19.531250 0
14.906250 0
19.687500 0
19.656250 0
24.562500 0
14.843750 0
19.625000 0
19.593750 0
24.500000 0
19.875000 0
24.656250 0
24.625000 0
29.531250 0
9.812500 0
14.656250 0
14.625000 0
19.531250 0
14.843750 0
19.687500 0
19.656250 0
24.562500 0
14.781250 0
19.625000 0
19.593750 0
24.500000 0
19.812500 0
24.656250 0
24.625000 0
29.531250 0
14.843750 0
19.687500 0
19.656250 0
24.562500 0
19.875000 0
24.718750 0
24.687500 0
29.593750 0
19.812500 0
24.656250 0
24.625000 0
29.531250 0
24.843750 0
29.687500 0
29.656250 0
34.562500 0
4.812500 0
4.843750 2
9.718750 2
4.937500 0
9.781250 0
9.750000 0
14.656250 0
5.000000 0
9.843750 0
9.812500 0
14.718750 0
9.968750 0
14.812500 0
14.781250 0
19.687500 0
4.843750 0
9.656250 0
9.625000 0
14.531250 0
9.875000 0
14.687500 0
14.656250 0
19.562500 0
9.875000 0
14.687500 0
14.656250 0
19.562500 0
14.906250 0
19.718750 0
19.687500 0
24.593750 0
4.843750 0
9.718750 0
9.687500 0
14.593750 0
9.875000 0
14.750000 0
14.718750 0
19.625000 0
9.875000 0
14.750000 0
14.718750 0
19.625000 0
14.906250 0
19.781250 0
19.750000 0
24.656250 0
9.812500 0
14.687500 0
14.656250 0
19.562500 0
14.843750 0
19.718750 0
19.687500 0
24.593750 0
14.843750 0
19.718750 0
19.687500 0
24.593750 0
19.875000 0
24.750000 0
24.718750 0
29.625000 0
4.812500 0
9.593750 0
9.593750 2
14.500000 2
9.843750 0
14.625000 0
14.593750 0
19.500000 0
9.843750 0
14.625000 0
14.593750 0
19.500000 0
14.875000 0
19.656250 0
19.625000 0
24.531250 0
9.843750 0
14.625000 0
14.625000 2
19.531250 2
14.875000 0
19.656250 0
19.625000 0
24.531250 0
14.875000 0
19.656250 0
19.625000 0
24.531250 0
19.906250 0
24.687500 0
24.656250 0
29.562500 0
9.781250 0
14.625000 0
14.625000 2
19.531250 2
14.812500 0
19.656250 0
19.625000 0
24.531250 0
14.812500 0
19.656250 0
19.625000 0
24.531250 0
19.843750 0
24.687500 0
24.656250 0
29.562500 0
14.812500 0
19.656250 0
19.656250 2
24.562500 2
19.843750 0
24.687500 0
24.656250 0
29.562500 0
19.843750 0
24.687500 0
24.656250 0
29.562500 0
24.875000 0
29.718750 0
29.687500 0
34.593750 0
4.781250 0
4.875000 2
9.750000 2
4.906250 0
9.750000 0
9.718750 0
14.625000 0
4.968750 0
9.812500 0
9.781250 0
14.687500 0
9.937500 0
14.781250 0
14.750000 0
19.656250 0
4.812500 0
9.625000 0
9.656250 2
14.562500 2
9.843750 0
14.656250 0
14.625000 0
19.531250 0
9.843750 0
14.656250 0
14.625000 0
19.531250 0
14.875000 0
19.687500 0
19.656250 0
24.562500 0
4.812500 0
9.687500 0
9.718750 2
14.625000 2
9.843750 0
14.718750 0
14.687500 0
19.593750 0
9.843750 0
14.718750 0
14.687500 0
19.593750 0
14.875000 0
19.750000 0
19.718750 0
24.625000 0
9.781250 0
14.656250 0
14.687500 2
19.593750 2
14.812500 0
19.687500 0
19.656250 0
24.562500 0
14.812500 0
19.687500 0
19.656250 0
24.562500 0
19.843750 0
24.718750 0
24.687500 0
29.593750 0
4.781250 0
9.562500 0
9.625000 2
14.531250 2
9.812500 0
14.593750 0
14.593750 2
19.500000 2
9.812500 0
14.593750 0
14.562500 0
19.468750 0
14.843750 0
19.625000 0
19.593750 0
24.500000 0
9.812500 0
14.593750 0
14.656250 2
19.562500 2
14.843750 0
19.625000 0
19.625000 2
24.531250 2
14.843750 0
19.625000 0
19.593750 0
24.500000 0
19.875000 0
24.656250 0
24.625000 0
29.531250 0
9.750000 0
14.593750 0
14.656250 2
19.562500 2
14.781250 0
19.625000 0
19.593750 0
24.500000 0
14.781250 0
19.625000 0
19.593750 0
24.500000 0
19.812500 0
24.656250 0
24.625000 0
29.531250 0
14.781250 0
19.625000 0
19.687500 2
24.593750 2
19.812500 0
24.656250 0
24.625000 0
29.531250 0
19.812500 0
24.656250 0
24.625000 0
29.531250 0
24.843750 0
29.687500 0
29.656250 0
34.562500 0
4.750000 0
4.906250 3
9.781250 3
4.875000 0
9.718750 0
9.718750 3
14.625000 3
4.937500 0
9.781250 0
9.750000 0
14.656250 0
9.906250 0
14.750000 0
14.718750 0
19.625000 0
4.781250 0
9.593750 0
9.687500 3
14.593750 3
9.812500 0
14.625000 0
14.656250 3
19.562500 3
9.812500 0
14.625000 0
14.593750 0
19.500000 0
14.843750 0
19.656250 0
19.625000 0
24.531250 0
4.781250 0
9.656250 0
9.750000 3
14.656250 3
9.812500 0
14.687500 0
14.687500 3
19.593750 3
9.812500 0
14.687500 0
14.656250 0
19.562500 0
14.843750 0
19.718750 0
19.687500 0
24.593750 0
9.750000 0
14.625000 0
14.718750 3
19.625000 3
14.781250 0
19.656250 0
19.656250 3
24.562500 3
14.781250 0
19.656250 0
19.625000 0
24.531250 0
19.812500 0
24.687500 0
24.656250 0
29.562500 0
4.750000 0
9.531250 0
9.656250 3
14.562500 3
9.781250 0
14.562500 0
14.625000 3
19.531250 3
9.781250 0
14.562500 0
14.562500 3
19.468750 3
14.812500 0
19.593750 0
19.593750 3
24.500000 3
9.781250 0
14.562500 0
14.687500 3
19.593750 3
14.812500 0
19.593750 0
19.656250 3
24.562500 3
14.812500 0
19.593750 0
19.593750 3
24.500000 3
19.843750 0
24.625000 0
24.625000 3
29.531250 3
9.718750 0
14.562500 0
14.687500 3
19.593750 3
14.750000 0
19.593750 0
19.593750 3
24.500000 3
14.750000 0
19.593750 0
19.562500 0
24.468750 0
19.781250 0
24.625000 0
24.593750 0
29.500000 0
14.750000 0
19.593750 0
19.718750 3
24.625000 3
19.781250 0
24.625000 0
24.625000 3
29.531250 3
19.781250 0
24.625000 0
24.593750 0
29.500000 0
24.812500 0
29.656250 0
29.625000 0
34.531250 0
4.750000 2
4.718750 2
9.625000 2
4.937500 2
9.781250 2
9.750000 2
14.656250 2
4.875000 1
9.718750 1
9.687500 1
14.593750 1
9.906250 2
14.750000 2
14.718750 2
19.625000 2
4.968750 2
9.781250 2
9.750000 2
14.656250 2
9.906250 2
14.750000 2
14.718750 2
19.625000 2
9.843750 2
14.687500 2
14.656250 2
19.562500 2
14.875000 2
19.718750 2
19.687500 2
24.593750 2
4.906250 2
9.781250 2
9.750000 2
14.656250 2
9.875000 2
14.750000 2
14.718750 2
19.625000 2
9.781250 2
14.625000 1
14.593750 1
19.500000 1
14.812500 2
19.656250 1
19.625000 1
24.531250 1
9.937500 2
14.812500 2
14.781250 2
19.687500 2
14.875000 2
19.718750 2
19.687500 2
24.593750 2
14.812500 2
19.656250 2
19.625000 2
24.531250 2
19.843750 2
24.687500 2
24.656250 2
29.562500 2
5.000000 3
9.781250 3
9.750000 3
14.656250 3
9.906250 3
14.750000 3
14.718750 3
19.625000 3
9.843750 3
14.687500 3
14.656250 3
19.562500 3
14.875000 3
19.718750 3
19.687500 3
24.593750 3
10.000000 3
14.812500 3
14.781250 3
19.687500 3
14.937500 3
19.781250 3
19.750000 3
24.656250 3
14.875000 3
19.718750 3
19.687500 3
24.593750 3
19.906250 3
24.750000 3
24.718750 3
29.625000 3
9.937500 3
14.812500 3
14.781250 3
19.687500 3
14.875000 3
19.718750 3
19.687500 3
24.593750 3
14.812500 3
19.656250 3
19.625000 3
24.531250 3
19.843750 3
24.687500 3
24.656250 3
29.562500 3
14.968750 3
19.843750 3
19.812500 3
24.718750 3
19.906250 3
24.750000 3
24.718750 3
29.625000 3
19.843750 3
24.687500 3
24.656250 3
29.562500 3
24.875000 3
29.718750 3
29.687500 3
34.593750 3
4.781250 2
4.750000 2
9.656250 2
4.968750 2
9.812500 2
9.781250 2
14.687500 2
4.906250 1
9.750000 1
9.718750 1
14.625000 1
9.937500 2
14.781250 2
14.750000 2
19.656250 2
5.000000 3
9.812500 3
9.781250 3
14.687500 3
9.937500 3
14.781250 3
14.750000 3
19.656250 3
9.875000 3
14.718750 3
14.687500 3
19.593750 3
14.906250 3
19.750000 3
19.718750 3
24.625000 3
4.937500 2
9.812500 2
9.781250 2
14.687500 2
9.906250 2
14.781250 2
14.750000 2
19.656250 2
9.812500 2
14.656250 1
14.625000 1
19.531250 1
14.843750 2
19.687500 1
19.656250 1
24.562500 1
9.968750 3
14.843750 3
14.812500 3
19.718750 3
14.906250 3
19.750000 2
19.718750 2
24.625000 2
14.843750 3
19.687500 3
19.656250 3
24.562500 3
19.875000 3
24.718750 3
24.687500 3
29.593750 3
4.968750 0
9.750000 0
9.718750 0
14.625000 0
9.875000 0
14.718750 0
14.687500 0
19.593750 0
9.812500 0
14.656250 0
14.625000 0
19.531250 0
14.843750 0
19.687500 0
19.656250 0
24.562500 0
10.000000 3
14.781250 0
14.750000 0
19.656250 0
14.906250 0
19.750000 0
19.718750 0
24.625000 0
14.843750 0
19.687500 0
19.656250 0
24.562500 0
19.875000 0
24.718750 0
24.687500 0
29.593750 0
9.906250 0
14.781250 0
14.750000 0
19.656250 0
14.843750 0
19.687500 0
19.656250 0
24.562500 0
14.781250 0
19.625000 0
19.593750 0
24.500000 0
19.812500 0
24.656250 0
24.625000 0
29.531250 0
14.937500 0
19.812500 0
19.781250 0
24.687500 0
19.875000 0
24.718750 0
24.687500 0
29.593750 0
19.812500 0
24.656250 0
24.625000 0
29.531250 0
24.843750 0
29.687500 0
29.656250 0
34.562500 0
4.812500 2
4.781250 2
9.687500 2
5.000000 2
9.843750 2
9.812500 2
14.718750 2
4.937500 1
9.781250 1
9.750000 1
14.656250 1
9.968750 2
14.812500 2
14.781250 2
19.687500 2
4.968750 0
9.781250 0
9.750000 0
14.656250 0
9.937500 2
14.750000 0
14.718750 0
19.625000 0
9.843750 0
14.687500 0
14.656250 0
19.562500 0
14.875000 0
19.718750 0
19.687500 0
24.593750 0
4.968750 3
9.843750 3
9.812500 3
14.718750 3
9.937500 2
14.812500 2
14.781250 2
19.687500 2
9.843750 3
14.687500 1
14.656250 1
19.562500 1
14.875000 3
19.718750 1
19.687500 1
24.593750 1
9.937500 0
14.812500 0
14.781250 0
19.687500 0
14.906250 2
19.781250 2
19.750000 2
24.656250 2
14.812500 0
19.656250 0
19.625000 0
24.531250 0
19.843750 0
24.687500 0
24.656250 0
29.562500 0
4.937500 0
9.718750 0
9.687500 0
14.593750 0
9.906250 2
14.687500 0
14.656250 0
19.562500 0
9.781250 0
14.625000 0
14.593750 0
19.500000 0
14.812500 0
19.656250 0
19.625000 0
24.531250 0
9.968750 0
14.750000 0
14.718750 0
19.625000 0
14.937500 2
19.718750 0
19.687500 0
24.593750 0
14.812500 0
19.656250 0
19.625000 0
24.531250 0
19.843750 0
24.687500 0
24.656250 0
29.562500 0
9.906250 3
14.750000 0
14.718750 0
19.625000 0
14.875000 2
19.718750 2
19.687500 2
24.593750 2
14.750000 0
19.593750 0
19.562500 0
24.468750 0
19.781250 0
24.625000 0
24.593750 0
29.500000 0
14.937500 3
19.781250 0
19.750000 0
24.656250 0
19.906250 2
24.750000 2
24.718750 2
29.625000 2
19.781250 0
24.625000 0
24.593750 0
29.500000 0
24.812500 0
29.656250 0
29.625000 0
34.531250 0
4.843750 2
4.812500 2
9.718750 2
4.968750 0
9.812500 0
9.781250 0
14.687500 0
4.968750 1
9.812500 1
9.781250 1
14.687500 1
9.937500 0
14.781250 0
14.750000 0
19.656250 0
4.937500 0
9.750000 0
9.718750 0
14.625000 0
9.906250 0
14.718750 0
14.687500 0
19.593750 0
9.843750 1
14.656250 0
14.625000 0
19.531250 0
14.875000 1
19.687500 0
19.656250 0
24.562500 0
4.937500 0
9.812500 0
9.781250 0
14.687500 0
9.906250 0
14.781250 0
14.750000 0
19.656250 0
9.843750 1
14.718750 1
14.687500 1
19.593750 1
14.875000 1
19.750000 1
19.718750 1
24.625000 1
9.906250 0
14.781250 0
14.750000 0
19.656250 0
14.875000 0
19.750000 0
19.718750 0
24.625000 0
14.812500 1
19.687500 1
19.656250 1
24.562500 1
19.843750 1
24.718750 1
24.687500 1
29.593750 1
4.906250 0
9.687500 0
9.656250 0
14.562500 0
9.875000 0
14.656250 0
14.625000 0
19.531250 0
9.812500 1
14.593750 0
14.562500 0
19.468750 0
14.843750 1
19.625000 0
19.593750 0
24.500000 0
9.937500 0
14.718750 0
14.687500 0
19.593750 0
14.906250 0
19.687500 0
19.656250 0
24.562500 0
14.843750 1
19.625000 0
19.593750 0
24.500000 0
19.875000 1
24.656250 0
24.625000 0
29.531250 0
9.875000 0
14.718750 0
14.687500 0
19.593750 0
14.843750 0
19.687500 0
19.656250 0
24.562500 0
14.781250 1
19.625000 1
19.593750 1
24.500000 1
19.812500 1
24.656250 1
24.625000 1
29.531250 1
14.906250 0
19.750000 0
19.718750 0
24.625000 0
19.875000 0
24.718750 0
24.687500 0
29.593750 0
19.812500 1
24.656250 1
24.625000 1
29.531250 1
24.843750 1
29.687500 1
29.656250 1
34.562500 1
4.875000 3
4.843750 2
9.750000 3
5.000000 0
9.843750 0
9.812500 0
14.718750 0
5.000000 1
9.843750 1
9.812500 1
14.718750 1
9.968750 0
14.812500 0
14.781250 0
19.687500 0
4.906250 0
9.718750 0
9.687500 0
14.593750 0
9.937500 0
14.750000 0
14.718750 0
19.625000 0
9.875000 1
14.687500 1
14.656250 1
19.562500 1
14.906250 1
19.718750 1
19.687500 1
24.593750 1
4.906250 0
9.781250 0
9.750000 0
14.656250 0
9.937500 0
14.812500 0
14.781250 0
19.687500 0
9.875000 1
14.750000 1
14.718750 1
19.625000 1
14.906250 1
19.781250 1
19.750000 1
24.656250 1
9.875000 0
14.750000 0
14.718750 0
19.625000 0
14.906250 0
19.781250 0
19.750000 0
24.656250 0
14.843750 1
19.718750 1
19.687500 1
24.593750 1
19.875000 1
24.750000 1
24.718750 1
29.625000 1
4.875000 0
9.656250 0
9.625000 0
14.531250 0
9.906250 0
14.687500 0
14.656250 0
19.562500 0
9.843750 1
14.625000 1
14.593750 1
19.500000 1
14.875000 1
19.656250 1
19.625000 1
24.531250 1
9.906250 0
14.687500 0
14.656250 0
19.562500 0
14.937500 0
19.718750 0
19.687500 0
24.593750 0
14.875000 1
19.656250 1
19.625000 1
24.531250 1
19.906250 1
24.687500 1
24.656250 1
29.562500 1
9.843750 0
14.687500 0
14.656250 0
19.562500 0
14.875000 0
19.718750 0
19.687500 0
24.593750 0
14.812500 1
19.656250 1
19.625000 1
24.531250 1
19.843750 1
24.687500 1
24.656250 1
29.562500 1
14.875000 0
19.718750 0
19.687500 0
24.593750 0
19.906250 0
24.750000 0
24.718750 0
29.625000 0
19.843750 1
24.687500 1
24.656250 1
29.562500 1
24.875000 1
29.718750 1
29.687500 1
34.593750 1
4.843750 0
4.875000 2
9.750000 2
4.968750 0
9.812500 0
9.781250 0
14.687500 0
4.968750 0
9.812500 0
9.781250 0
14.687500 0
9.937500 0
14.781250 0
14.750000 0
19.656250 0
4.875000 0
9.687500 0
9.656250 0
14.562500 0
9.906250 0
14.718750 0
14.687500 0
19.593750 0
9.843750 0
14.656250 0
14.625000 0
19.531250 0
14.875000 0
19.687500 0
19.656250 0
24.562500 0
4.875000 0
9.750000 0
9.718750 0
14.625000 0
9.906250 0
14.781250 0
14.750000 0
19.656250 0
9.843750 0
14.718750 0
14.687500 0
19.593750 0
14.875000 0
19.750000 0
19.718750 0
24.625000 0
9.843750 0
14.718750 0
14.687500 0
19.593750 0
14.875000 0
19.750000 0
19.718750 0
24.625000 0
14.812500 0
19.687500 0
19.656250 0
24.562500 0
19.843750 0
24.718750 0
24.687500 0
29.593750 0
4.843750 0
9.625000 0
9.625000 2
14.531250 2
9.875000 0
14.656250 0
14.625000 0
19.531250 0
9.812500 0
14.593750 0
14.562500 0
19.468750 0
14.843750 0
19.625000 0
19.593750 0
24.500000 0
9.875000 0
14.656250 0
14.656250 2
19.562500 2
14.906250 0
19.687500 0
19.656250 0
24.562500 0
14.843750 0
19.625000 0
19.593750 0
24.500000 0
19.875000 0
24.656250 0
24.625000 0
29.531250 0
9.812500 0
14.656250 0
14.656250 2
19.562500 2
14.843750 0
19.687500 0
19.656250 0
24.562500 0
14.781250 0
19.625000 0
19.593750 0
24.500000 0
19.812500 0
24.656250 0
24.625000 0
29.531250 0
14.843750 0
19.687500 0
19.687500 2
24.593750 2
19.875000 0
24.718750 0
24.687500 0
29.593750 0
19.812500 0
24.656250 0
24.625000 0
29.531250 0
24.843750 0
29.687500 0
29.656250 0
34.562500 0
4.812500 0
4.906250 2
9.781250 2
4.937500 0
9.781250 0
9.750000 0
14.656250 0
4.937500 0
9.781250 0
9.750000 0
14.656250 0
9.906250 0
14.750000 0
14.718750 0
19.625000 0
4.843750 0
9.656250 0
9.687500 2
14.593750 2
9.875000 0
14.687500 0
14.656250 0
19.562500 0
9.812500 0
14.625000 0
14.593750 0
19.500000 0
14.843750 0
19.656250 0
19.625000 0
24.531250 0
4.843750 0
9.718750 0
9.750000 2
14.656250 2
9.875000 0
14.750000 0
14.718750 0
19.625000 0
9.812500 0
14.687500 0
14.656250 0
19.562500 0
14.843750 0
19.718750 0
19.687500 0
24.593750 0
9.812500 0
14.687500 0
14.718750 2
19.625000 2
14.843750 0
19.718750 0
19.687500 0
24.593750 0
14.781250 0
19.656250 0
19.625000 0
24.531250 0
19.812500 0
24.687500 0
24.656250 0
29.562500 0
4.812500 0
9.593750 0
9.656250 2
14.562500 2
9.843750 0
14.625000 0
14.625000 2
19.531250 2
9.781250 0
14.562500 0
14.562500 2
19.468750 2
14.812500 0
19.593750 0
19.593750 2
24.500000 2
9.843750 0
14.625000 0
14.687500 2
19.593750 2
14.875000 0
19.656250 0
19.656250 2
24.562500 2
14.812500 0
19.593750 0
19.593750 2
24.500000 2
19.843750 0
24.625000 0
24.625000 2
29.531250 2
9.781250 0
14.625000 0
14.687500 2
19.593750 2
14.812500 0
19.656250 0
19.625000 0
24.531250 0
14.750000 0
19.593750 0
19.562500 0
24.468750 0
19.781250 0
24.625000 0
24.593750 0
29.500000 0
14.812500 0
19.656250 0
19.718750 2
24.625000 2
19.843750 0
24.687500 0
24.656250 0
29.562500 0
19.781250 0
24.625000 0
24.593750 0
29.500000 0
24.812500 0
29.656250 0
29.625000 0
34.531250 0
4.781250 0
4.937500 3
9.812500 3
4.906250 0
9.750000 0
9.750000 3
14.656250 3
4.906250 0
9.750000 0
9.750000 3
14.656250 3
9.875000 0
14.718750 0
14.718750 3
19.625000 3
4.812500 0
9.625000 0
9.718750 3
14.625000 3
9.843750 0
14.656250 0
14.687500 3
19.593750 3
9.781250 0
14.593750 0
14.625000 3
19.531250 3
14.812500 0
19.625000 0
19.656250 3
24.562500 3
4.812500 0
9.687500 0
9.781250 3
14.687500 3
9.843750 0
14.718750 0
14.718750 3
19.625000 3
9.781250 0
14.656250 0
14.656250 3
19.562500 3
14.812500 0
19.687500 0
19.687500 3
24.593750 3
9.781250 0
14.656250 0
14.750000 3
19.656250 3
14.812500 0
19.687500 0
19.687500 3
24.593750 3
14.750000 0
19.625000 0
19.625000 3
24.531250 3
19.781250 0
24.656250 0
24.656250 3
29.562500 3
4.781250 0
9.562500 0
9.687500 3
14.593750 3
9.812500 0
14.593750 0
14.656250 3
19.562500 3
9.750000 0
14.531250 0
14.593750 3
19.500000 3
14.781250 0
19.562500 0
19.625000 3
24.531250 3
9.812500 0
14.593750 0
14.718750 3
19.625000 3
14.843750 0
19.625000 0
19.687500 3
24.593750 3
14.781250 0
19.562500 0
19.625000 3
24.531250 3
19.812500 0
24.593750 0
24.656250 3
29.562500 3
9.750000 0
14.593750 0
14.718750 3
19.625000 3
14.781250 0
19.625000 0
19.625000 3
24.531250 3
14.718750 0
19.562500 0
19.562500 3
24.468750 3
19.750000 0
24.593750 0
24.593750 3
29.500000 3
14.781250 0
19.625000 0
19.750000 3
24.656250 3
19.812500 0
24.656250 0
24.656250 3
29.562500 3
19.750000 0
24.593750 0
24.593750 3
29.500000 3
24.781250 0
29.625000 0
29.625000 3
34.531250 3
4.781250 2
4.750000 2
9.656250 2
4.906250 1
9.750000 1
9.718750 1
14.625000 1
4.843750 1
9.687500 1
9.656250 1
14.562500 1
9.875000 1
14.718750 1
14.687500 1
19.593750 1
5.000000 2
9.812500 2
9.781250 2
14.687500 2
9.937500 2
14.781250 2
14.750000 2
19.656250 2
9.875000 2
14.718750 2
14.687500 2
19.593750 2
14.906250 2
19.750000 2
19.718750 2
24.625000 2
4.937500 2
9.812500 2
9.781250 2
14.687500 2
9.875000 2
14.718750 1
14.687500 1
19.593750 1
9.812500 2
14.656250 2
14.625000 2
19.531250 2
14.843750 2
19.687500 2
19.656250 2
24.562500 2
9.968750 2
14.843750 2
14.812500 2
19.718750 2
14.906250 2
19.750000 2
19.718750 2
24.625000 2
14.843750 2
19.687500 2
19.656250 2
24.562500 2
19.875000 2
24.718750 2
24.687500 2
29.593750 2
4.968750 1
9.750000 1
9.718750 1
14.625000 1
9.875000 1
14.718750 1
14.687500 1
19.593750 1
9.812500 1
14.656250 1
14.625000 1
19.531250 1
14.843750 1
19.687500 1
19.656250 1
24.562500 1
10.000000 2
14.781250 1
14.750000 1
19.656250 1
14.906250 1
19.750000 1
19.718750 1
24.625000 1
14.843750 1
19.687500 1
19.656250 1
24.562500 1
19.875000 1
24.718750 1
24.687500 1
29.593750 1
9.906250 1
14.781250 1
14.750000 1
19.656250 1
14.843750 1
19.687500 1
19.656250 1
24.562500 1
14.781250 1
19.625000 1
19.593750 1
24.500000 1
19.812500 1
24.656250 1
24.625000 1
29.531250 1
14.937500 1
19.812500 1
19.781250 1
24.687500 1
19.875000 1
24.718750 1
24.687500 1
29.593750 1
19.812500 1
24.656250 1
24.625000 1
29.531250 1
24.843750 1
29.687500 1
29.656250 1
34.562500 1
4.812500 2
4.781250 2
9.687500 2
4.937500 1
9.781250 1
9.750000 1
14.656250 1
4.875000 1
9.718750 1
9.687500 1
14.593750 1
9.906250 1
14.750000 1
14.718750 1
19.625000 1
4.968750 0
9.781250 0
9.750000 0
14.656250 0
9.906250 0
14.750000 0
14.718750 0
19.625000 0
9.843750 0
14.687500 0
14.656250 0
19.562500 0
14.875000 0
19.718750 0
19.687500 0
24.593750 0
4.968750 2
9.843750 2
9.812500 2
14.718750 2
9.906250 2
14.750000 1
14.718750 1
19.625000 1
9.843750 2
14.687500 2
14.656250 2
19.562500 2
14.875000 2
19.718750 2
19.687500 2
24.593750 2
9.937500 0
14.812500 0
14.781250 0
19.687500 0
14.875000 0
19.718750 0
19.687500 0
24.593750 0
14.812500 0
19.656250 0
19.625000 0
24.531250 0
19.843750 0
24.687500 0
24.656250 0
29.562500 0
5.000000 0
9.781250 0
9.750000 0
14.656250 0
9.906250 0
14.750000 0
14.718750 0
19.625000 0
9.843750 0
14.687500 0
14.656250 0
19.562500 0
14.875000 0
19.718750 0
19.687500 0
24.593750 0
10.000000 0
14.812500 0
14.781250 0
19.687500 0
14.937500 0
19.781250 0
19.750000 0
24.656250 0
14.875000 0
19.718750 0
19.687500 0
24.593750 0
19.906250 0
24.750000 0
24.718750 0
29.625000 0
9.937500 0
14.812500 0
14.781250 0
19.687500 0
14.875000 0
19.718750 0
19.687500 0
24.593750 0
14.812500 0
19.656250 0
19.625000 0
24.531250 0
19.843750 0
24.687500 0
24.656250 0
29.562500 0
14.968750 0
19.843750 0
19.812500 0
24.718750 0
19.906250 0
24.750000 0
24.718750 0
29.625000 0
19.843750 0
24.687500 0
24.656250 0
29.562500 0
24.875000 0
29.718750 0
29.687500 0
34.593750 0
4.843750 2
4.812500 2
9.718750 2
4.968750 1
9.812500 1
9.781250 1
14.687500 1
4.906250 1
9.750000 1
9.718750 1
14.625000 1
9.937500 1
14.781250 1
14.750000 1
19.656250 1
5.000000 0
9.812500 0
9.781250 0
14.687500 0
9.937500 0
14.781250 0
14.750000 0
19.656250 0
9.875000 0
14.718750 0
14.687500 0
19.593750 0
14.906250 0
19.750000 0
19.718750 0
24.625000 0
5.000000 3
9.875000 3
9.843750 3
14.750000 3
9.937500 3
14.781250 1
14.750000 1
19.656250 1
9.875000 3
14.718750 3
14.687500 3
19.593750 3
14.906250 3
19.750000 3
19.718750 3
24.625000 3
9.968750 0
14.843750 0
14.812500 0
19.718750 0
14.906250 0
19.750000 0
19.718750 0
24.625000 0
14.843750 0
19.687500 0
19.656250 0
24.562500 0
19.875000 0
24.718750 0
24.687500 0
29.593750 0
4.968750 0
9.750000 0
9.718750 0
14.625000 0
9.875000 0
14.718750 0
14.687500 0
19.593750 0
9.812500 0
14.656250 0
14.625000 0
19.531250 0
14.843750 0
19.687500 0
19.656250 0
24.562500 0
10.000000 0
14.781250 0
14.750000 0
19.656250 0
14.906250 0
19.750000 0
19.718750 0
24.625000 0
14.843750 0
19.687500 0
19.656250 0
24.562500 0
19.875000 0
24.718750 0
24.687500 0
29.593750 0
9.937500 3
14.781250 0
14.750000 0
19.656250 0
14.843750 0
19.687500 0
19.656250 0
24.562500 0
14.781250 0
19.625000 0
19.593750 0
24.500000 0
19.812500 0
24.656250 0
24.625000 0
29.531250 0
14.968750 3
19.812500 0
19.781250 0
24.687500 0
19.875000 0
24.718750 0
24.687500 0
29.593750 0
19.812500 0
24.656250 0
24.625000 0
29.531250 0
24.843750 0
29.687500 0
29.656250 0
34.562500 0
4.875000 2
4.843750 2
9.750000 2
5.000000 1
9.843750 1
9.812500 1
14.718750 1
4.937500 1
9.781250 1
9.750000 1
14.656250 1
9.968750 1
14.812500 1
14.781250 1
19.687500 1
4.968750 0
9.781250 0
9.750000 0
14.656250 0
9.937500 1
14.750000 0
14.718750 0
19.625000 0
9.843750 0
14.687500 0
14.656250 0
19.562500 0
14.875000 0
19.718750 0
19.687500 0
24.593750 0
4.968750 0
9.843750 0
9.812500 0
14.718750 0
9.937500 1
14.812500 1
14.781250 1
19.687500 1
9.843750 0
14.687500 0
14.656250 0
19.562500 0
14.875000 0
19.718750 0
19.687500 0
24.593750 0
9.937500 0
14.812500 0
14.781250 0
19.687500 0
14.906250 1
19.781250 1
19.750000 1
24.656250 1
14.812500 0
19.656250 0
19.625000 0
24.531250 0
19.843750 0
24.687500 0
24.656250 0
29.562500 0
4.937500 0
9.718750 0
9.687500 0
14.593750 0
9.906250 1
14.687500 0
14.656250 0
19.562500 0
9.781250 0
14.625000 0
14.593750 0
19.500000 0
14.812500 0
19.656250 0
19.625000 0
24.531250 0
9.968750 0
14.750000 0
14.718750 0
19.625000 0
14.937500 1
19.718750 0
19.687500 0
24.593750 0
14.812500 0
19.656250 0
19.625000 0
24.531250 0
19.843750 0
24.687500 0
24.656250 0
29.562500 0
9.906250 0
14.750000 0
14.718750 0
19.625000 0
14.875000 1
19.718750 1
19.687500 1
24.593750 1
14.750000 0
19.593750 0
19.562500 0
24.468750 0
19.781250 0
24.625000 0
24.593750 0
29.500000 0
14.937500 0
19.781250 0
19.750000 0
24.656250 0
19.906250 1
24.750000 1
24.718750 1
29.625000 1
19.781250 0
24.625000 0
24.593750 0
29.500000 0
24.812500 0
29.656250 0
29.625000 0
34.531250 0
4.906250 3
4.875000 2
9.781250 3
4.968750 0
9.812500 0
9.781250 0
14.687500 0
4.968750 1
9.812500 1
9.781250 1
14.687500 1
9.937500 0
14.781250 0
14.750000 0
19.656250 0
4.937500 0
9.750000 0
9.718750 0
14.625000 0
9.906250 0
14.718750 0
14.687500 0
19.593750 0
9.843750 1
14.656250 0
14.625000 0
19.531250 0
14.875000 1
19.687500 0
19.656250 0
24.562500 0
4.937500 0
9.812500 0
9.781250 0
14.687500 0
9.906250 0
14.781250 0
14.750000 0
19.656250 0
9.843750 1
14.718750 1
14.687500 1
19.593750 1
14.875000 1
19.750000 1
19.718750 1
24.625000 1
9.906250 0
14.781250 0
14.750000 0
19.656250 0
14.875000 0
19.750000 0
19.718750 0
24.625000 0
14.812500 1
19.687500 1
19.656250 1
24.562500 1
19.843750 1
24.718750 1
24.687500 1
29.593750 1
4.906250 0
9.687500 0
9.656250 0
14.562500 0
9.875000 0
14.656250 0
14.625000 0
19.531250 0
9.812500 1
14.593750 0
14.562500 0
19.468750 0
14.843750 1
19.625000 0
19.593750 0
24.500000 0
9.937500 0
14.718750 0
14.687500 0
19.593750 0
14.906250 0
19.687500 0
19.656250 0
24.562500 0
14.843750 1
19.625000 0
19.593750 0
24.500000 0
19.875000 1
24.656250 0
24.625000 0
29.531250 0
9.875000 0
14.718750 0
14.687500 0
19.593750 0
14.843750 0
19.687500 0
19.656250 0
24.562500 0
14.781250 1
19.625000 1
19.593750 1
24.500000 1
19.812500 1
24.656250 1
24.625000 1
29.531250 1
14.906250 0
19.750000 0
19.718750 0
24.625000 0
19.875000 0
24.718750 0
24.687500 0
29.593750 0
19.812500 1
24.656250 1
24.625000 1
29.531250 1
24.843750 1
29.687500 1
29.656250 1
34.562500 1
4.875000 0
4.906250 2
9.781250 2
4.937500 0
9.781250 0
9.750000 0
14.656250 0
4.937500 0
9.781250 0
9.750000 0
14.656250 0
9.906250 0
14.750000 0
14.718750 0
19.625000 0
4.906250 0
9.718750 0
9.687500 0
14.593750 0
9.875000 0
14.687500 0
14.656250 0
19.562500 0
9.812500 0
14.625000 0
14.593750 0
19.500000 0
14.843750 0
19.656250 0
19.625000 0
24.531250 0
4.906250 0
9.781250 0
9.750000 0
14.656250 0
9.875000 0
14.750000 0
14.718750 0
19.625000 0
9.812500 0
14.687500 0
14.656250 0
19.562500 0
14.843750 0
19.718750 0
19.687500 0
24.593750 0
9.875000 0
14.750000 0
14.718750 0
19.625000 0
14.843750 0
19.718750 0
19.687500 0
24.593750 0
14.781250 0
19.656250 0
19.625000 0
24.531250 0
19.812500 0
24.687500 0
24.656250 0
29.562500 0
4.875000 0
9.656250 0
9.656250 2
14.562500 2
9.843750 0
14.625000 0
14.625000 2
19.531250 2
9.781250 0
14.562500 0
14.562500 2
19.468750 2
14.812500 0
19.593750 0
19.593750 2
24.500000 2
9.906250 0
14.687500 0
14.687500 2
19.593750 2
14.875000 0
19.656250 0
19.656250 2
24.562500 2
14.812500 0
19.593750 0
19.593750 2
24.500000 2
19.843750 0
24.625000 0
24.625000 2
29.531250 2
9.843750 0
14.687500 0
14.687500 2
19.593750 2
14.812500 0
19.656250 0
19.625000 0
24.531250 0
14.750000 0
19.593750 0
19.562500 0
24.468750 0
19.781250 0
24.625000 0
24.593750 0
29.500000 0
14.875000 0
19.718750 0
19.718750 2
24.625000 2
19.843750 0
24.687500 0
24.656250 0
29.562500 0
19.781250 0
24.625000 0
24.593750 0
29.500000 0
24.812500 0
29.656250 0
29.625000 0
34.531250 0
4.843750 0
4.937500 2
9.812500 2
4.906250 0
9.750000 0
9.750000 2
14.656250 2
4.906250 0
9.750000 0
9.750000 2
14.656250 2
9.875000 0
14.718750 0
14.718750 2
19.625000 2
4.875000 0
9.687500 0
9.718750 2
14.625000 2
9.843750 0
14.656250 0
14.687500 2
19.593750 2
9.781250 0
14.593750 0
14.625000 2
19.531250 2
14.812500 0
19.625000 0
19.656250 2
24.562500 2
4.875000 0
9.750000 0
9.781250 2
14.687500 2
9.843750 0
14.718750 0
14.718750 2
19.625000 2
9.781250 0
14.656250 0
14.656250 2
19.562500 2
14.812500 0
19.687500 0
19.687500 2
24.593750 2
9.843750 0
14.718750 0
14.750000 2
19.656250 2
14.812500 0
19.687500 0
19.687500 2
24.593750 2
14.750000 0
19.625000 0
19.625000 2
24.531250 2
19.781250 0
24.656250 0
24.656250 2
29.562500 2
4.843750 0
9.625000 0
9.687500 2
14.593750 2
9.812500 0
14.593750 0
14.656250 2
19.562500 2
9.750000 0
14.531250 0
14.593750 2
19.500000 2
14.781250 0
19.562500 0
19.625000 2
24.531250 2
9.875000 0
14.656250 0
14.718750 2
19.625000 2
14.843750 0
19.625000 0
19.687500 2
24.593750 2
14.781250 0
19.562500 0
19.625000 2
24.531250 2
19.812500 0
24.593750 0
24.656250 2
29.562500 2
9.812500 0
14.656250 0
14.718750 2
19.625000 2
14.781250 0
19.625000 0
19.625000 2
24.531250 2
14.718750 0
19.562500 0
19.562500 2
24.468750 2
19.750000 0
24.593750 0
24.593750 2
29.500000 2
14.843750 0
19.687500 0
19.750000 2
24.656250 2
19.812500 0
24.656250 0
24.656250 2
29.562500 2
19.750000 0
24.593750 0
24.593750 2
29.500000 2
24.781250 0
29.625000 0
29.625000 2
34.531250 2
4.812500 0
4.968750 3
9.843750 3
4.875000 0
9.718750 0
9.781250 3
14.687500 3
4.875000 0
9.718750 0
9.781250 3
14.687500 3
9.843750 0
14.687500 0
14.750000 3
19.656250 3
4.843750 0
9.656250 0
9.750000 3
14.656250 3
9.812500 0
14.625000 0
14.718750 3
19.625000 3
9.750000 0
14.562500 0
14.656250 3
19.562500 3
14.781250 0
19.593750 0
19.687500 3
24.593750 3
4.843750 0
9.718750 0
9.812500 3
14.718750 3
9.812500 0
14.687500 0
14.750000 3
19.656250 3
9.750000 0
14.625000 0
14.687500 3
19.593750 3
14.781250 0
19.656250 0
19.718750 3
24.625000 3
9.812500 0
14.687500 0
14.781250 3
19.687500 3
14.781250 0
19.656250 0
19.718750 3
24.625000 3
14.718750 0
19.593750 0
19.656250 3
24.562500 3
19.750000 0
24.625000 0
24.687500 3
29.593750 3
4.812500 0
9.593750 0
9.718750 3
14.625000 3
9.781250 0
14.562500 0
14.687500 3
19.593750 3
9.718750 0
14.500000 0
14.625000 3
19.531250 3
14.750000 0
19.531250 0
19.656250 3
24.562500 3
9.843750 0
14.625000 0
14.750000 3
19.656250 3
14.812500 0
19.593750 0
19.718750 3
24.625000 3
14.750000 0
19.531250 0
19.656250 3
24.562500 3
19.781250 0
24.562500 0
24.687500 3
29.593750 3
9.781250 0
14.625000 0
14.750000 3
19.656250 3
14.750000 0
19.593750 0
19.656250 3
24.562500 3
14.687500 0
19.531250 0
19.593750 3
24.500000 3
19.718750 0
24.562500 0
24.625000 3
29.531250 3
14.812500 0
19.656250 0
19.781250 3
24.687500 3
19.781250 0
24.625000 0
24.687500 3
29.593750 3
19.718750 0
24.562500 0
24.625000 3
29.531250 3
24.750000 0
29.593750 0
29.656250 3
34.562500 3
4.812500 2
4.781250 2
9.687500 2
4.875000 1
9.718750 1
9.687500 1
14.593750 1
4.812500 1
9.656250 1
9.625000 1
14.531250 1
9.843750 1
14.687500 1
14.656250 1
19.562500 1
4.968750 1
9.781250 1
9.750000 1
14.656250 1
9.906250 1
14.750000 1
14.718750 1
19.625000 1
9.843750 1
14.687500 1
14.656250 1
19.562500 1
14.875000 1
19.718750 1
19.687500 1
24.593750 1
4.968750 2
9.843750 2
9.812500 2
14.718750 2
9.906250 2
14.750000 2
14.718750 2
19.625000 2
9.843750 2
14.687500 2
14.656250 2
19.562500 2
14.875000 2
19.718750 2
19.687500 2
24.593750 2
9.937500 1
14.812500 1
14.781250 1
19.687500 1
14.875000 1
19.718750 1
19.687500 1
24.593750 1
14.812500 1
19.656250 1
19.625000 1
24.531250 1
19.843750 1
24.687500 1
24.656250 1
29.562500 1
5.000000 1
9.781250 1
9.750000 1
14.656250 1
9.906250 1
14.750000 1
14.718750 1
19.625000 1
9.843750 1
14.687500 1
14.656250 1
19.562500 1
14.875000 1
19.718750 1
19.687500 1
24.593750 1
10.000000 1
14.812500 1
14.781250 1
19.687500 1
14.937500 1
19.781250 1
19.750000 1
24.656250 1
14.875000 1
19.718750 1
19.687500 1
24.593750 1
19.906250 1
24.750000 1
24.718750 1
29.625000 1
9.937500 1
14.812500 1
14.781250 1
19.687500 1
14.875000 1
19.718750 1
19.687500 1
24.593750 1
14.812500 1
19.656250 1
19.625000 1
24.531250 1
19.843750 1
24.687500 1
24.656250 1
29.562500 1
14.968750 1
19.843750 1
19.812500 1
24.718750 1
19.906250 1
24.750000 1
24.718750 1
29.625000 1
19.843750 1
24.687500 1
24.656250 1
29.562500 1
24.875000 1
29.718750 1
29.687500 1
34.593750 1
4.843750 2
4.812500 2
9.718750 2
4.906250 1
9.750000 1
9.718750 1
14.625000 1
4.843750 1
9.687500 1
9.656250 1
14.562500 1
9.875000 1
14.718750 1
14.687500 1
19.593750 1
5.000000 1
9.812500 1
9.781250 1
14.687500 1
9.937500 1
14.781250 1
14.750000 1
19.656250 1
9.875000 1
14.718750 1
14.687500 1
19.593750 1
14.906250 1
19.750000 1
19.718750 1
24.625000 1
5.000000 2
9.875000 2
9.843750 2
14.750000 2
9.937500 2
14.781250 2
14.750000 2
19.656250 2
9.875000 2
14.718750 2
14.687500 2
19.593750 2
14.906250 2
19.750000 2
19.718750 2
24.625000 2
9.968750 1
14.843750 1
14.812500 1
19.718750 1
14.906250 1
19.750000 1
19.718750 1
24.625000 1
14.843750 1
19.687500 1
19.656250 1
24.562500 1
19.875000 1
24.718750 1
24.687500 1
29.593750 1
4.968750 0
9.750000 0
9.718750 0
14.625000 0
9.875000 0
14.718750 0
14.687500 0
19.593750 0
9.812500 0
14.656250 0
14.625000 0
19.531250 0
14.843750 0
19.687500 0
19.656250 0
24.562500 0
10.000000 1
14.781250 0
14.750000 0
19.656250 0
14.906250 0
19.750000 0
19.718750 0
24.625000 0
14.843750 0
19.687500 0
19.656250 0
24.562500 0
19.875000 0
24.718750 0
24.687500 0
29.593750 0
9.937500 2
14.781250 0
14.750000 0
19.656250 0
14.843750 0
19.687500 0
19.656250 0
24.562500 0
14.781250 0
19.625000 0
19.593750 0
24.500000 0
19.812500 0
24.656250 0
24.625000 0
29.531250 0
14.968750 2
19.812500 0
19.781250 0
24.687500 0
19.875000 0
24.718750 0
24.687500 0
29.593750 0
19.812500 0
24.656250 0
24.625000 0
29.531250 0
24.843750 0
29.687500 0
29.656250 0
34.562500 0
4.875000 2
4.843750 2
9.750000 2
4.937500 1
9.781250 1
9.750000 1
14.656250 1
4.875000 1
9.718750 1
9.687500 1
14.593750 1
9.906250 1
14.750000 1
14.718750 1
19.625000 1
4.968750 0
9.781250 0
9.750000 0
14.656250 0
9.906250 0
14.750000 0
14.718750 0
19.625000 0
9.843750 0
14.687500 0
14.656250 0
19.562500 0
14.875000 0
19.718750 0
19.687500 0
24.593750 0
4.968750 0
9.843750 0
9.812500 0
14.718750 0
9.906250 0
14.750000 0
14.718750 0
19.625000 0
9.843750 0
14.687500 0
14.656250 0
19.562500 0
14.875000 0
19.718750 0
19.687500 0
24.593750 0
9.937500 0
14.812500 0
14.781250 0
19.687500 0
14.875000 0
19.718750 0
19.687500 0
24.593750 0
14.812500 0
19.656250 0
19.625000 0
24.531250 0
19.843750 0
24.687500 0
24.656250 0
29.562500 0
4.937500 0
9.718750 0
9.687500 0
14.593750 0
9.843750 0
14.687500 0
14.656250 0
19.562500 0
9.781250 0
14.625000 0
14.593750 0
19.500000 0
14.812500 0
19.656250 0
19.625000 0
24.531250 0
9.968750 0
14.750000 0
14.718750 0
19.625000 0
14.875000 0
19.718750 0
19.687500 0
24.593750 0
14.812500 0
19.656250 0
19.625000 0
24.531250 0
19.843750 0
24.687500 0
24.656250 0
29.562500 0
9.906250 0
14.750000 0
14.718750 0
19.625000 0
14.812500 0
19.656250 0
19.625000 0
24.531250 0
14.750000 0
19.593750 0
19.562500 0
24.468750 0
19.781250 0
24.625000 0
24.593750 0
29.500000 0
14.937500 0
19.781250 0
19.750000 0
24.656250 0
19.843750 0
24.687500 0
24.656250 0
29.562500 0
19.781250 0
24.625000 0
24.593750 0
29.500000 0
24.812500 0
29.656250 0
29.625000 0
34.531250 0
4.906250 2
4.875000 2
9.781250 2
4.968750 1
9.812500 1
9.781250 1
14.687500 1
4.906250 1
9.750000 1
9.718750 1
14.625000 1
9.937500 1
14.781250 1
14.750000 1
19.656250 1
4.937500 0
9.750000 0
9.718750 0
14.625000 0
9.906250 1
14.718750 0
14.687500 0
19.593750 0
9.812500 0
14.656250 0
14.625000 0
19.531250 0
14.843750 0
19.687500 0
19.656250 0
24.562500 0
5.000000 0
9.875000 0
9.843750 0
14.750000 0
9.937500 0
14.781250 0
14.750000 0
19.656250 0
9.875000 0
14.718750 0
14.687500 0
19.593750 0
14.906250 0
19.750000 0
19.718750 0
24.625000 0
9.968750 0
14.781250 0
14.750000 0
19.656250 0
14.906250 0
19.750000 0
19.718750 0
24.625000 0
14.843750 0
19.687500 0
19.656250 0
24.562500 0
19.875000 0
24.718750 0
24.687500 0
29.593750 0
4.906250 0
9.687500 0
9.656250 0
14.562500 0
9.875000 1
14.656250 0
14.625000 0
19.531250 0
9.750000 0
14.593750 0
14.562500 0
19.468750 0
14.781250 0
19.625000 0
19.593750 0
24.500000 0
9.937500 0
14.718750 0
14.687500 0
19.593750 0
14.906250 1
19.687500 0
19.656250 0
24.562500 0
14.781250 0
19.625000 0
19.593750 0
24.500000 0
19.812500 0
24.656250 0
24.625000 0
29.531250 0
9.937500 0
14.718750 0
14.687500 0
19.593750 0
14.843750 0
19.687500 0
19.656250 0
24.562500 0
14.781250 0
19.625000 0
19.593750 0
24.500000 0
19.812500 0
24.656250 0
24.625000 0
29.531250 0
14.968750 0
19.750000 0
19.718750 0
24.625000 0
19.875000 0
24.718750 0
24.687500 0
29.593750 0
19.812500 0
24.656250 0
24.625000 0
29.531250 0
24.843750 0
29.687500 0
29.656250 0
34.562500 0
4.937500 3
4.906250 2
9.812500 3
4.937500 0
9.781250 0
9.750000 0
14.656250 0
4.937500 1
9.781250 1
9.750000 1
14.656250 1
9.906250 0
14.750000 0
14.718750 0
19.625000 0
4.906250 0
9.750000 3
9.687500 0
14.593750 0
9.875000 0
14.718750 3
14.656250 0
19.562500 0
9.812500 1
14.656250 3
14.593750 0
19.500000 0
14.843750 1
19.687500 3
19.625000 0
24.531250 0
4.968750 0
9.843750 0
9.812500 0
14.718750 0
9.906250 0
14.750000 0
14.718750 0
19.625000 0
9.843750 0
14.687500 0
14.656250 0
19.562500 0
14.875000 0
19.718750 0
19.687500 0
24.593750 0
9.937500 0
14.781250 3
14.718750 0
19.625000 0
14.875000 0
19.718750 0
19.687500 0
24.593750 0
14.812500 0
19.656250 0
19.625000 0
24.531250 0
19.843750 0
24.687500 0
24.656250 0
29.562500 0
4.875000 0
9.718750 3
9.656250 2
14.562500 2
9.843750 0
14.687500 3
14.625000 2
19.531250 2
9.781250 1
14.625000 3
14.562500 2
19.468750 2
14.812500 1
19.656250 3
19.593750 2
24.500000 2
9.906250 0
14.750000 3
14.687500 2
19.593750 2
14.875000 0
19.718750 3
19.656250 2
24.562500 2
14.812500 1
19.656250 3
19.593750 2
24.500000 2
19.843750 1
24.687500 3
24.625000 2
29.531250 2
9.906250 0
14.750000 3
14.687500 2
19.593750 2
14.812500 0
19.656250 0
19.625000 0
24.531250 0
14.750000 0
19.593750 0
19.562500 0
24.468750 0
19.781250 0
24.625000 0
24.593750 0
29.500000 0
14.937500 0
19.781250 3
19.718750 2
24.625000 2
19.843750 0
24.687500 0
24.656250 0
29.562500 0
19.781250 0
24.625000 0
24.593750 0
29.500000 0
24.812500 0
29.656250 0
29.625000 0
34.531250 0
4.906250 0
4.937500 2
9.812500 2
4.906250 0
9.750000 0
9.750000 2
14.656250 2
4.906250 0
9.750000 0
9.750000 2
14.656250 2
9.875000 0
14.718750 0
14.718750 2
19.625000 2
4.875000 0
9.718750 0
9.718750 2
14.625000 2
9.843750 0
14.687500 0
14.687500 2
19.593750 2
9.781250 0
14.625000 0
14.625000 2
19.531250 2
14.812500 0
19.656250 0
19.656250 2
24.562500 2
4.937500 0
9.812500 0
9.781250 0
14.687500 0
9.875000 0
14.718750 0
14.718750 2
19.625000 2
9.812500 0
14.656250 0
14.656250 2
19.562500 2
14.843750 0
19.687500 0
19.687500 2
24.593750 2
9.906250 0
14.750000 0
14.750000 2
19.656250 2
14.843750 0
19.687500 0
19.687500 2
24.593750 2
14.781250 0
19.625000 0
19.625000 2
24.531250 2
19.812500 0
24.656250 0
24.656250 2
29.562500 2
4.843750 0
9.687500 0
9.687500 2
14.593750 2
9.812500 0
14.656250 0
14.656250 2
19.562500 2
9.750000 0
14.593750 0
14.593750 2
19.500000 2
14.781250 0
19.625000 0
19.625000 2
24.531250 2
9.875000 0
14.718750 0
14.718750 2
19.625000 2
14.843750 0
19.687500 0
19.687500 2
24.593750 2
14.781250 0
19.625000 0
19.625000 2
24.531250 2
19.812500 0
24.656250 0
24.656250 2
29.562500 2
9.875000 0
14.718750 0
14.718750 2
19.625000 2
14.781250 0
19.625000 0
19.625000 2
24.531250 2
14.718750 0
19.562500 0
19.562500 2
24.468750 2
19.750000 0
24.593750 0
24.593750 2
29.500000 2
14.906250 0
19.750000 0
19.750000 2
24.656250 2
19.812500 0
24.656250 0
24.656250 2
29.562500 2
19.750000 0
24.593750 0
24.593750 2
29.500000 2
24.781250 0
29.625000 0
29.625000 2
34.531250 2
4.875000 0
4.968750 2
9.843750 2
4.875000 0
9.718750 0
9.781250 2
14.687500 2
4.875000 0
9.718750 0
9.781250 2
14.687500 2
9.843750 0
14.687500 0
14.750000 2
19.656250 2
4.843750 0
9.687500 0
9.750000 2
14.656250 2
9.812500 0
14.656250 0
14.718750 2
19.625000 2
9.750000 0
14.593750 0
14.656250 2
19.562500 2
14.781250 0
19.625000 0
19.687500 2
24.593750 2
4.906250 0
9.781250 0
9.812500 2
14.718750 2
9.843750 0
14.687500 0
14.750000 2
19.656250 2
9.781250 0
14.625000 0
14.687500 2
19.593750 2
14.812500 0
19.656250 0
19.718750 2
24.625000 2
9.875000 0
14.718750 0
14.781250 2
19.687500 2
14.812500 0
19.656250 0
19.718750 2
24.625000 2
14.750000 0
19.593750 0
19.656250 2
24.562500 2
19.781250 0
24.625000 0
24.687500 2
29.593750 2
4.812500 0
9.656250 0
9.718750 2
14.625000 2
9.781250 0
14.625000 0
14.687500 2
19.593750 2
9.718750 0
14.562500 0
14.625000 2
19.531250 2
14.750000 0
19.593750 0
19.656250 2
24.562500 2
9.843750 0
14.687500 0
14.750000 2
19.656250 2
14.812500 0
19.656250 0
19.718750 2
24.625000 2
14.750000 0
19.593750 0
19.656250 2
24.562500 2
19.781250 0
24.625000 0
24.687500 2
29.593750 2
9.843750 0
14.687500 0
14.750000 2
19.656250 2
14.750000 0
19.593750 0
19.656250 2
24.562500 2
14.687500 0
19.531250 0
19.593750 2
24.500000 2
19.718750 0
24.562500 0
24.625000 2
29.531250 2
14.875000 0
19.718750 0
19.781250 2
24.687500 2
19.781250 0
24.625000 0
24.687500 2
29.593750 2
19.718750 0
24.562500 0
24.625000 2
29.531250 2
24.750000 0
29.593750 0
29.656250 2
34.562500 2
4.843750 0
5.000000 3
9.875000 3
4.843750 0
9.687500 0
9.812500 3
14.718750 3
4.843750 0
9.687500 0
9.812500 3
14.718750 3
9.812500 0
14.656250 0
14.781250 3
19.687500 3
4.812500 0
9.656250 0
9.781250 3
14.687500 3
9.781250 0
14.625000 0
14.750000 3
19.656250 3
9.718750 0
14.562500 0
14.687500 3
19.593750 3
14.750000 0
19.593750 0
19.718750 3
24.625000 3
4.875000 0
9.750000 0
9.843750 3
14.750000 3
9.812500 0
14.656250 0
14.781250 3
19.687500 3
9.750000 0
14.593750 0
14.718750 3
19.625000 3
14.781250 0
19.625000 0
19.750000 3
24.656250 3
9.843750 0
14.687500 0
14.812500 3
19.718750 3
14.781250 0
19.625000 0
19.750000 3
24.656250 3
14.718750 0
19.562500 0
19.687500 3
24.593750 3
19.750000 0
24.593750 0
24.718750 3
29.625000 3
4.781250 0
9.625000 0
9.750000 3
14.656250 3
9.750000 0
14.593750 0
14.718750 3
19.625000 3
9.687500 0
14.531250 0
14.656250 3
19.562500 3
14.718750 0
19.562500 0
19.687500 3
24.593750 3
9.812500 0
14.656250 0
14.781250 3
19.687500 3
14.781250 0
19.625000 0
19.750000 3
24.656250 3
14.718750 0
19.562500 0
19.687500 3
24.593750 3
19.750000 0
24.593750 0
24.718750 3
29.625000 3
9.812500 0
14.656250 0
14.781250 3
19.687500 3
14.718750 0
19.562500 0
19.687500 3
24.593750 3
14.656250 0
19.500000 0
19.625000 3
24.531250 3
19.687500 0
24.531250 0
24.656250 3
29.562500 3
14.843750 0
19.687500 0
19.812500 3
24.718750 3
19.750000 0
24.593750 0
24.718750 3
29.625000 3
19.687500 0
24.531250 0
24.656250 3
29.562500 3
24.718750 0
29.562500 0
29.687500 3
34.593750 3
4.843750 2
4.812500 2
9.718750 2
4.843750 1
9.687500 1
9.656250 1
14.562500 1
4.781250 1
9.687500 2
9.625000 2
14.531250 2
9.812500 1
14.656250 1
14.625000 1
19.531250 1
4.937500 1
9.750000 1
9.718750 1
14.625000 1
9.875000 1
14.718750 1
14.687500 1
19.593750 1
9.812500 1
14.656250 1
14.625000 1
19.531250 1
14.843750 1
19.687500 1
19.656250 1
24.562500 1
4.937500 1
9.812500 1
9.781250 1
14.687500 1
9.875000 1
14.718750 1
14.687500 1
19.593750 1
9.812500 1
14.656250 1
14.625000 1
19.531250 1
14.843750 1
19.687500 1
19.656250 1
24.562500 1
9.906250 1
14.781250 1
14.750000 1
19.656250 1
14.843750 1
19.687500 1
19.656250 1
24.562500 1
14.781250 1
19.625000 1
19.593750 1
24.500000 1
19.812500 1
24.656250 1
24.625000 1
29.531250 1
4.968750 1
9.750000 1
9.718750 1
14.625000 1
9.875000 1
14.718750 1
14.687500 1
19.593750 1
9.812500 1
14.656250 1
14.625000 1
19.531250 1
14.843750 1
19.687500 1
19.656250 1
24.562500 1
9.968750 1
14.781250 1
14.750000 1
19.656250 1
14.906250 1
19.750000 1
19.718750 1
24.625000 1
14.843750 1
19.687500 1
19.656250 1
24.562500 1
19.875000 1
24.718750 1
24.687500 1
29.593750 1
9.906250 1
14.781250 1
14.750000 1
19.656250 1
14.843750 1
19.687500 1
19.656250 1
24.562500 1
14.781250 1
19.625000 1
19.593750 1
24.500000 1
19.812500 1
24.656250 1
24.625000 1
29.531250 1
14.937500 1
19.812500 1
19.781250 1
24.687500 1
19.875000 1
24.718750 1
24.687500 1
29.593750 1
19.812500 1
24.656250 1
24.625000 1
29.531250 1
24.843750 1
29.687500 1
29.656250 1
34.562500 1
4.875000 2
4.843750 2
9.750000 2
4.875000 1
9.718750 1
9.687500 1
14.593750 1
4.812500 1
9.718750 2
9.656250 2
14.562500 2
9.843750 1
14.687500 1
14.656250 1
19.562500 1
4.968750 1
9.781250 1
9.750000 1
14.656250 1
9.906250 1
14.750000 1
14.718750 1
19.625000 1
9.843750 1
14.687500 1
14.656250 1
19.562500 1
14.875000 1
19.718750 1
19.687500 1
24.593750 1
4.968750 1
9.843750 1
9.812500 1
14.718750 1
9.906250 1
14.750000 1
14.718750 1
19.625000 1
9.843750 1
14.687500 1
14.656250 1
19.562500 1
14.875000 1
19.718750 1
19.687500 1
24.593750 1
9.937500 1
14.812500 1
14.781250 1
19.687500 1
14.875000 1
19.718750 1
19.687500 1
24.593750 1
14.812500 1
19.656250 1
19.625000 1
24.531250 1
19.843750 1
24.687500 1
24.656250 1
29.562500 1
4.937500 0
9.718750 0
9.687500 0
14.593750 0
9.843750 0
14.687500 0
14.656250 0
19.562500 0
9.781250 0
14.625000 0
14.593750 0
19.500000 0
14.812500 0
19.656250 0
19.625000 0
24.531250 0
9.968750 1
14.750000 0
14.718750 0
19.625000 0
14.875000 0
19.718750 0
19.687500 0
24.593750 0
14.812500 0
19.656250 0
19.625000 0
24.531250 0
19.843750 0
24.687500 0
24.656250 0
29.562500 0
9.906250 1
14.750000 0
14.718750 0
19.625000 0
14.812500 0
19.656250 0
19.625000 0
24.531250 0
14.750000 0
19.593750 0
19.562500 0
24.468750 0
19.781250 0
24.625000 0
24.593750 0
29.500000 0
14.937500 1
19.781250 0
19.750000 0
24.656250 0
19.843750 0
24.687500 0
24.656250 0
29.562500 0
19.781250 0
24.625000 0
24.593750 0
29.500000 0
24.812500 0
29.656250 0
29.625000 0
34.531250 0
4.906250 2
4.875000 2
9.781250 2
4.906250 1
9.750000 1
9.718750 1
14.625000 1
4.843750 1
9.750000 2
9.687500 2
14.593750 2
9.875000 1
14.718750 1
14.687500 1
19.593750 1
4.937500 0
9.750000 0
9.718750 0
14.625000 0
9.875000 0
14.718750 0
14.687500 0
19.593750 0
9.812500 0
14.656250 0
14.625000 0
19.531250 0
14.843750 0
19.687500 0
19.656250 0
24.562500 0
5.000000 1
9.875000 1
9.843750 1
14.750000 1
9.937500 1
14.781250 1
14.750000 1
19.656250 1
9.875000 1
14.718750 1
14.687500 1
19.593750 1
14.906250 1
19.750000 1
19.718750 1
24.625000 1
9.968750 1
14.781250 0
14.750000 0
19.656250 0
14.906250 1
19.750000 1
19.718750 1
24.625000 1
14.843750 1
19.687500 1
19.656250 1
24.562500 1
19.875000 1
24.718750 1
24.687500 1
29.593750 1
4.906250 0
9.687500 0
9.656250 0
14.562500 0
9.812500 0
14.656250 0
14.625000 0
19.531250 0
9.750000 0
14.593750 0
14.562500 0
19.468750 0
14.781250 0
19.625000 0
19.593750 0
24.500000 0
9.937500 0
14.718750 0
14.687500 0
19.593750 0
14.843750 0
19.687500 0
19.656250 0
24.562500 0
14.781250 0
19.625000 0
19.593750 0
24.500000 0
19.812500 0
24.656250 0
24.625000 0
29.531250 0
9.937500 1
14.718750 0
14.687500 0
19.593750 0
14.843750 1
19.687500 1
19.656250 1
24.562500 1
14.781250 1
19.625000 1
19.593750 1
24.500000 1
19.812500 1
24.656250 1
24.625000 1
29.531250 1
14.968750 1
19.750000 0
19.718750 0
24.625000 0
19.875000 1
24.718750 1
24.687500 1
29.593750 1
19.812500 1
24.656250 1
24.625000 1
29.531250 1
24.843750 1
29.687500 1
29.656250 1
34.562500 1
4.937500 2
4.906250 2
9.812500 2
4.937500 1
9.781250 1
9.750000 1
14.656250 1
4.875000 1
9.781250 2
9.718750 2
14.625000 2
9.906250 1
14.750000 1
14.718750 1
19.625000 1
4.906250 0
9.750000 2
9.687500 0
14.593750 0
9.875000 1
14.718750 2
14.656250 0
19.562500 0
9.781250 0
14.656250 2
14.593750 0
19.500000 0
14.812500 0
19.687500 2
19.625000 0
24.531250 0
4.968750 0
9.843750 0
9.812500 0
14.718750 0
9.906250 0
14.750000 0
14.718750 0
19.625000 0
9.843750 0
14.687500 0
14.656250 0
19.562500 0
14.875000 0
19.718750 0
19.687500 0
24.593750 0
9.937500 0
14.781250 2
14.718750 0
19.625000 0
14.875000 0
19.718750 0
19.687500 0
24.593750 0
14.812500 0
19.656250 0
19.625000 0
24.531250 0
19.843750 0
24.687500 0
24.656250 0
29.562500 0
4.875000 0
9.718750 2
9.656250 2
14.562500 2
9.843750 1
14.687500 2
14.625000 2
19.531250 2
9.718750 0
14.625000 2
14.562500 2
19.468750 2
14.750000 0
19.656250 2
19.593750 2
24.500000 2
9.906250 0
14.750000 2
14.687500 2
19.593750 2
14.875000 1
19.718750 2
19.656250 2
24.562500 2
14.750000 0
19.656250 2
19.593750 2
24.500000 2
19.781250 0
24.687500 2
24.625000 2
29.531250 2
9.906250 0
14.750000 2
14.687500 2
19.593750 2
14.812500 0
19.656250 0
19.625000 0
24.531250 0
14.750000 0
19.593750 0
19.562500 0
24.468750 0
19.781250 0
24.625000 0
24.593750 0
29.500000 0
14.937500 0
19.781250 2
19.718750 2
24.625000 2
19.843750 0
24.687500 0
24.656250 0
29.562500 0
19.781250 0
24.625000 0
24.593750 0
29.500000 0
24.812500 0
29.656250 0
29.625000 0
34.531250 0
4.968750 3
4.937500 2
9.843750 3
4.906250 0
9.812500 3
9.750000 2
14.656250 2
4.906250 1
9.812500 3
9.750000 2
14.656250 2
9.875000 0
14.781250 3
14.718750 2
19.625000 2
4.875000 0
9.781250 3
9.718750 2
14.625000 2
9.843750 0
14.750000 3
14.687500 2
19.593750 2
9.781250 1
14.687500 3
14.625000 2
19.531250 2
14.812500 1
19.718750 3
19.656250 2
24.562500 2
4.937500 0
9.843750 3
9.781250 0
14.687500 0
9.875000 0
14.781250 3
14.718750 2
19.625000 2
9.812500 0
14.718750 3
14.656250 2
19.562500 2
14.843750 0
19.750000 3
19.687500 2
24.593750 2
9.906250 0
14.812500 3
14.750000 2
19.656250 2
14.843750 0
19.750000 3
19.687500 2
24.593750 2
14.781250 0
19.687500 3
19.625000 2
24.531250 2
19.812500 0
24.718750 3
24.656250 2
29.562500 2
4.843750 0
9.750000 3
9.687500 2
14.593750 2
9.812500 0
14.718750 3
14.656250 2
19.562500 2
9.750000 1
14.656250 3
14.593750 2
19.500000 2
14.781250 1
19.687500 3
19.625000 2
24.531250 2
9.875000 0
14.781250 3
14.718750 2
19.625000 2
14.843750 0
19.750000 3
19.687500 2
24.593750 2
14.781250 1
19.687500 3
19.625000 2
24.531250 2
19.812500 1
24.718750 3
24.656250 2
29.562500 2
9.875000 0
14.781250 3
14.718750 2
19.625000 2
14.781250 0
19.687500 3
19.625000 2
24.531250 2
14.718750 0
19.625000 3
19.562500 2
24.468750 2
19.750000 0
24.656250 3
24.593750 2
29.500000 2
14.906250 0
19.812500 3
19.750000 2
24.656250 2
19.812500 0
24.718750 3
24.656250 2
29.562500 2
19.750000 0
24.656250 3
24.593750 2
29.500000 2
24.781250 0
29.687500 3
29.625000 2
34.531250 2
4.937500 0
4.968750 2
9.843750 2
4.875000 0
9.781250 0
9.781250 2
14.687500 2
4.875000 0
9.781250 0
9.781250 2
14.687500 2
9.843750 0
14.750000 0
14.750000 2
19.656250 2
4.843750 0
9.750000 0
9.750000 2
14.656250 2
9.812500 0
14.718750 0
14.718750 2
19.625000 2
9.750000 0
14.656250 0
14.656250 2
19.562500 2
14.781250 0
19.687500 0
19.687500 2
24.593750 2
4.906250 0
9.812500 0
9.812500 2
14.718750 2
9.843750 0
14.750000 0
14.750000 2
19.656250 2
9.781250 0
14.687500 0
14.687500 2
19.593750 2
14.812500 0
19.718750 0
19.718750 2
24.625000 2
9.875000 0
14.781250 0
14.781250 2
19.687500 2
14.812500 0
19.718750 0
19.718750 2
24.625000 2
14.750000 0
19.656250 0
19.656250 2
24.562500 2
19.781250 0
24.687500 0
24.687500 2
29.593750 2
4.812500 0
9.718750 0
9.718750 2
14.625000 2
9.781250 0
14.687500 0
14.687500 2
19.593750 2
9.718750 0
14.625000 0
14.625000 2
19.531250 2
14.750000 0
19.656250 0
19.656250 2
24.562500 2
9.843750 0
14.750000 0
14.750000 2
19.656250 2
14.812500 0
19.718750 0
19.718750 2
24.625000 2
14.750000 0
19.656250 0
19.656250 2
24.562500 2
19.781250 0
24.687500 0
24.687500 2
29.593750 2
9.843750 0
14.750000 0
14.750000 2
19.656250 2
14.750000 0
19.656250 0
19.656250 2
24.562500 2
14.687500 0
19.593750 0
19.593750 2
24.500000 2
19.718750 0
24.625000 0
24.625000 2
29.531250 2
14.875000 0
19.781250 0
19.781250 2
24.687500 2
19.781250 0
24.687500 0
24.687500 2
29.593750 2
19.718750 0
24.625000 0
24.625000 2
29.531250 2
24.750000 0
29.656250 0
29.656250 2
34.562500 2
4.906250 0
5.000000 2
9.875000 2
4.843750 0
9.750000 0
9.812500 2
14.718750 2
4.843750 0
9.750000 0
9.812500 2
14.718750 2
9.812500 0
14.718750 0
14.781250 2
19.687500 2
4.812500 0
9.718750 0
9.781250 2
14.687500 2
9.781250 0
14.687500 0
14.750000 2
19.656250 2
9.718750 0
14.625000 0
14.687500 2
19.593750 2
14.750000 0
19.656250 0
19.718750 2
24.625000 2
4.875000 0
9.781250 0
9.843750 2
14.750000 2
9.812500 0
14.718750 0
14.781250 2
19.687500 2
9.750000 0
14.656250 0
14.718750 2
19.625000 2
14.781250 0
19.687500 0
19.750000 2
24.656250 2
9.843750 0
14.750000 0
14.812500 2
19.718750 2
14.781250 0
19.687500 0
19.750000 2
24.656250 2
14.718750 0
19.625000 0
19.687500 2
24.593750 2
19.750000 0
24.656250 0
24.718750 2
29.625000 2
4.781250 0
9.687500 0
9.750000 2
14.656250 2
9.750000 0
14.656250 0
14.718750 2
19.625000 2
9.687500 0
14.593750 0
14.656250 2
19.562500 2
14.718750 0
19.625000 0
19.687500 2
24.593750 2
9.812500 0
14.718750 0
14.781250 2
19.687500 2
14.781250 0
19.687500 0
19.750000 2
24.656250 2
14.718750 0
19.625000 0
19.687500 2
24.593750 2
19.750000 0
24.656250 0
24.718750 2
29.625000 2
9.812500 0
14.718750 0
14.781250 2
19.687500 2
14.718750 0
19.625000 0
19.687500 2
24.593750 2
14.656250 0
19.562500 0
19.625000 2
24.531250 2
19.687500 0
24.593750 0
24.656250 2
29.562500 2
14.843750 0
19.750000 0
19.812500 2
24.718750 2
19.750000 0
24.656250 0
24.718750 2
29.625000 2
19.687500 0
24.593750 0
24.656250 2
29.562500 2
24.718750 0
29.625000 0
29.687500 2
34.593750 2
4.875000 0
4.968750 0
9.843750 0
4.812500 0
9.718750 0
9.781250 0
14.687500 0
4.812500 0
9.718750 0
9.781250 0
14.687500 0
9.781250 0
14.687500 0
14.750000 0
19.656250 0
4.781250 0
9.687500 0
9.750000 0
14.656250 0
9.750000 0
14.656250 0
14.718750 0
19.625000 0
9.687500 0
14.593750 0
14.656250 0
19.562500 0
14.718750 0
19.625000 0
19.687500 0
24.593750 0
4.843750 0
9.750000 0
9.812500 0
14.718750 0
9.781250 0
14.687500 0
14.750000 0
19.656250 0
9.718750 0
14.625000 0
14.687500 0
19.593750 0
14.750000 0
19.656250 0
19.718750 0
24.625000 0
9.812500 0
14.718750 0
14.781250 0
19.687500 0
14.750000 0
19.656250 0
19.718750 0
24.625000 0
14.687500 0
19.593750 0
19.656250 0
24.562500 0
19.718750 0
24.625000 0
24.687500 0
29.593750 0
4.750000 0
9.656250 0
9.718750 0
14.625000 0
9.718750 0
14.625000 0
14.687500 0
19.593750 0
9.656250 0
14.562500 0
14.625000 0
19.531250 0
14.687500 0
19.593750 0
19.656250 0
24.562500 0
9.781250 0
14.687500 0
14.750000 0
19.656250 0
14.750000 0
19.656250 0
19.718750 0
24.625000 0
14.687500 0
19.593750 0
19.656250 0
24.562500 0
19.718750 0
24.625000 0
24.687500 0
29.593750 0
9.781250 0
14.687500 0
14.750000 0
19.656250 0
14.687500 0
19.593750 0
19.656250 0
24.562500 0
14.625000 0
19.531250 0
19.593750 0
24.500000 0
19.656250 0
24.562500 0
24.625000 0
29.531250 0
14.812500 0
19.718750 0
19.781250 0
24.687500 0
19.718750 0
24.625000 0
24.687500 0
29.593750 0
19.656250 0
24.562500 0
24.625000 0
29.531250 0
24.687500 0
29.593750 0
29.656250 0
34.562500 0
4.875000 2
4.781250 1
9.750000 2
4.812500 1
9.718750 2
9.625000 1
14.562500 2
4.750000 1
9.718750 2
9.593750 1
14.562500 2
9.781250 1
14.687500 2
14.593750 1
19.531250 2
4.906250 1
9.718750 1
9.687500 1
14.593750 1
9.843750 1
14.687500 1
14.656250 1
19.562500 1
9.781250 1
14.625000 1
14.593750 1
19.500000 1
14.812500 1
19.656250 1
19.625000 1
24.531250 1
4.906250 1
9.781250 1
9.750000 1
14.656250 1
9.843750 1
14.687500 1
14.656250 1
19.562500 1
9.781250 1
14.625000 1
14.593750 1
19.500000 1
14.812500 1
19.656250 1
19.625000 1
24.531250 1
9.875000 1
14.750000 1
14.718750 1
19.625000 1
14.812500 1
19.656250 1
19.625000 1
24.531250 1
14.750000 1
19.593750 1
19.562500 1
24.468750 1
19.781250 1
24.625000 1
24.593750 1
29.500000 1
4.937500 1
9.718750 1
9.687500 1
14.593750 1
9.843750 1
14.687500 1
14.656250 1
19.562500 1
9.781250 1
14.625000 1
14.593750 1
19.500000 1
14.812500 1
19.656250 1
19.625000 1
24.531250 1
9.937500 1
14.750000 1
14.718750 1
19.625000 1
14.875000 1
19.718750 1
19.687500 1
24.593750 1
14.812500 1
19.656250 1
19.625000 1
24.531250 1
19.843750 1
24.687500 1
24.656250 1
29.562500 1
9.875000 1
14.750000 1
14.718750 1
19.625000 1
14.812500 1
19.656250 1
19.625000 1
24.531250 1
14.750000 1
19.593750 1
19.562500 1
24.468750 1
19.781250 1
24.625000 1
24.593750 1
29.500000 1
14.906250 1
19.781250 1
19.750000 1
24.656250 1
19.843750 1
24.687500 1
24.656250 1
29.562500 1
19.781250 1
24.625000 1
24.593750 1
29.500000 1
24.812500 1
29.656250 1
29.625000 1
34.531250 1
4.906250 2
4.812500 1
9.781250 2
4.843750 1
9.750000 2
9.656250 1
14.593750 2
4.781250 1
9.750000 2
9.625000 1
14.593750 2
9.812500 1
14.718750 2
14.625000 1
19.562500 2
4.937500 1
9.750000 1
9.718750 1
14.625000 1
9.875000 1
14.718750 1
14.687500 1
19.593750 1
9.812500 1
14.656250 1
14.625000 1
19.531250 1
14.843750 1
19.687500 1
19.656250 1
24.562500 1
4.937500 1
9.812500 1
9.781250 1
14.687500 1
9.875000 1
14.718750 1
14.687500 1
19.593750 1
9.812500 1
14.656250 1
14.625000 1
19.531250 1
14.843750 1
19.687500 1
19.656250 1
24.562500 1
9.906250 1
14.781250 1
14.750000 1
19.656250 1
14.843750 1
19.687500 1
19.656250 1
24.562500 1
14.781250 1
19.625000 1
19.593750 1
24.500000 1
19.812500 1
24.656250 1
24.625000 1
29.531250 1
4.906250 0
9.687500 0
9.656250 0
14.562500 0
9.812500 0
14.656250 0
14.625000 0
19.531250 0
9.750000 0
14.593750 0
14.562500 0
19.468750 0
14.781250 0
19.625000 0
19.593750 0
24.500000 0
9.937500 1
14.718750 0
14.687500 0
19.593750 0
14.843750 0
19.687500 0
19.656250 0
24.562500 0
14.781250 0
19.625000 0
19.593750 0
24.500000 0
19.812500 0
24.656250 0
24.625000 0
29.531250 0
9.875000 1
14.718750 0
14.687500 0
19.593750 0
14.781250 0
19.625000 0
19.593750 0
24.500000 0
14.718750 0
19.562500 0
19.531250 0
24.437500 0
19.750000 0
24.593750 0
24.562500 0
29.468750 0
14.906250 1
19.750000 0
19.718750 0
24.625000 0
19.812500 0
24.656250 0
24.625000 0
29.531250 0
19.750000 0
24.593750 0
24.562500 0
29.468750 0
24.781250 0
29.625000 0
29.593750 0
34.500000 0
4.937500 2
4.843750 1
9.812500 2
4.875000 1
9.781250 2
9.687500 1
14.625000 2
4.812500 1
9.781250 2
9.656250 1
14.625000 2
9.843750 1
14.750000 2
14.656250 1
19.593750 2
4.906250 0
9.750000 2
9.687500 0
14.593750 0
9.843750 0
14.718750 2
14.656250 0
19.562500 0
9.781250 0
14.656250 2
14.593750 0
19.500000 0
14.812500 0
19.687500 2
19.625000 0
24.531250 0
4.968750 1
9.843750 1
9.812500 1
14.718750 1
9.906250 1
14.750000 1
14.718750 1
19.625000 1
9.843750 1
14.687500 1
14.656250 1
19.562500 1
14.875000 1
19.718750 1
19.687500 1
24.593750 1
9.937500 1
14.781250 2
14.718750 0
19.625000 0
14.875000 1
19.718750 1
19.687500 1
24.593750 1
14.812500 1
19.656250 1
19.625000 1
24.531250 1
19.843750 1
24.687500 1
24.656250 1
29.562500 1
4.875000 0
9.718750 2
9.625000 0
14.562500 2
9.781250 0
14.687500 2
14.593750 0
19.531250 2
9.718750 0
14.625000 2
14.531250 0
19.468750 2
14.750000 0
19.656250 2
19.562500 0
24.500000 2
9.906250 0
14.750000 2
14.656250 0
19.593750 2
14.812500 0
19.718750 2
19.625000 0
24.562500 2
14.750000 0
19.656250 2
19.562500 0
24.500000 2
19.781250 0
24.687500 2
24.593750 0
29.531250 2
9.906250 1
14.750000 2
14.656250 0
19.593750 2
14.812500 1
19.656250 1
19.625000 1
24.531250 1
14.750000 1
19.593750 1
19.562500 1
24.468750 1
19.781250 1
24.625000 1
24.593750 1
29.500000 1
14.937500 1
19.781250 2
19.687500 0
24.625000 2
19.843750 1
24.687500 1
24.656250 1
29.562500 1
19.781250 1
24.625000 1
24.593750 1
29.500000 1
24.812500 1
29.656250 1
29.625000 1
34.531250 1
4.968750 2
4.875000 1
9.843750 2
4.906250 1
9.812500 2
9.718750 1
14.656250 2
4.843750 1
9.812500 2
9.687500 1
14.656250 2
9.875000 1
14.781250 2
14.687500 1
19.625000 2
4.875000 0
9.781250 2
9.656250 0
14.625000 2
9.843750 1
14.750000 2
14.625000 0
19.593750 2
9.750000 0
14.687500 2
14.562500 0
19.531250 2
14.781250 0
19.718750 2
19.593750 0
24.562500 2
4.937500 0
9.843750 2
9.781250 0
14.687500 0
9.875000 0
14.781250 2
14.687500 0
19.625000 2
9.812500 0
14.718750 2
14.625000 0
19.562500 2
14.843750 0
19.750000 2
19.656250 0
24.593750 2
9.906250 0
14.812500 2
14.687500 0
19.656250 2
14.843750 0
19.750000 2
19.656250 0
24.593750 2
14.781250 0
19.687500 2
19.593750 0
24.531250 2
19.812500 0
24.718750 2
24.625000 0
29.562500 2
4.843750 0
9.750000 2
9.625000 1
14.593750 2
9.812500 1
14.718750 2
14.593750 1
19.562500 2
9.687500 0
14.656250 2
14.531250 1
19.500000 2
14.718750 0
19.687500 2
19.562500 1
24.531250 2
9.875000 0
14.781250 2
14.656250 1
19.625000 2
14.843750 1
19.750000 2
19.625000 1
24.593750 2
14.718750 0
19.687500 2
19.562500 1
24.531250 2
19.750000 0
24.718750 2
24.593750 1
29.562500 2
9.875000 0
14.781250 2
14.656250 1
19.625000 2
14.781250 0
19.687500 2
19.593750 0
24.531250 2
14.718750 0
19.625000 2
19.531250 0
24.468750 2
19.750000 0
24.656250 2
24.562500 0
29.500000 2
14.906250 0
19.812500 2
19.687500 1
24.656250 2
19.812500 0
24.718750 2
24.625000 0
29.562500 2
19.750000 0
24.656250 2
24.562500 0
29.500000 2
24.781250 0
29.687500 2
29.593750 0
34.531250 2
5.000000 3
4.906250 1
9.875000 3
4.875000 0
9.843750 3
9.718750 1
14.687500 3
4.875000 1
9.843750 3
9.718750 1
14.687500 3
9.843750 0
14.812500 3
14.687500 1
19.656250 3
4.843750 0
9.812500 3
9.687500 1
14.656250 3
9.812500 0
14.781250 3
14.656250 1
19.625000 3
9.750000 1
14.718750 3
14.593750 1
19.562500 3
14.781250 1
19.750000 3
19.625000 1
24.593750 3
4.906250 0
9.875000 3
9.750000 0
14.718750 3
9.843750 0
14.812500 3
14.687500 1
19.656250 3
9.781250 0
14.750000 3
14.625000 1
19.593750 3
14.812500 0
19.781250 3
19.656250 1
24.625000 3
9.875000 0
14.843750 3
14.718750 1
19.687500 3
14.812500 0
19.781250 3
19.656250 1
24.625000 3
14.750000 0
19.718750 3
19.593750 1
24.562500 3
19.781250 0
24.750000 3
24.625000 1
29.593750 3
4.812500 0
9.781250 3
9.656250 1
14.625000 3
9.781250 0
14.750000 3
14.625000 1
19.593750 3
9.718750 1
14.687500 3
14.562500 1
19.531250 3
14.750000 1
19.718750 3
19.593750 1
24.562500 3
9.843750 0
14.812500 3
14.687500 1
19.656250 3
14.812500 0
19.781250 3
19.656250 1
24.625000 3
14.750000 1
19.718750 3
19.593750 1
24.562500 3
19.781250 1
24.750000 3
24.625000 1
29.593750 3
9.843750 0
14.812500 3
14.687500 1
19.656250 3
14.750000 0
19.718750 3
19.593750 1
24.562500 3
14.687500 0
19.656250 3
19.531250 1
24.500000 3
19.718750 0
24.687500 3
24.562500 1
29.531250 3
14.875000 0
19.843750 3
19.718750 1
24.687500 3
19.781250 0
24.750000 3
24.625000 1
29.593750 3
19.718750 0
24.687500 3
24.562500 1
29.531250 3
24.750000 0
29.718750 3
29.593750 1
34.562500 3
4.968750 0
4.937500 1
9.843750 0
4.843750 0
9.812500 0
9.750000 1
14.656250 0
4.843750 0
9.812500 0
9.750000 1
14.656250 0
9.812500 0
14.781250 0
14.718750 1
19.625000 0
4.812500 0
9.781250 0
9.718750 1
14.625000 0
9.781250 0
14.750000 0
14.687500 1
19.593750 0
9.718750 0
14.687500 0
14.625000 1
19.531250 0
14.750000 0
19.718750 0
19.656250 1
24.562500 0
4.875000 0
9.843750 0
9.781250 1
14.687500 0
9.812500 0
14.781250 0
14.718750 1
19.625000 0
9.750000 0
14.718750 0
14.656250 1
19.562500 0
14.781250 0
19.750000 0
19.687500 1
24.593750 0
9.843750 0
14.812500 0
14.750000 1
19.656250 0
14.781250 0
19.750000 0
19.687500 1
24.593750 0
14.718750 0
19.687500 0
19.625000 1
24.531250 0
19.750000 0
24.718750 0
24.656250 1
29.562500 0
4.781250 0
9.750000 0
9.687500 1
14.593750 0
9.750000 0
14.718750 0
14.656250 1
19.562500 0
9.687500 0
14.656250 0
14.593750 1
19.500000 0
14.718750 0
19.687500 0
19.625000 1
24.531250 0
9.812500 0
14.781250 0
14.718750 1
19.625000 0
14.781250 0
19.750000 0
19.687500 1
24.593750 0
14.718750 0
19.687500 0
19.625000 1
24.531250 0
19.750000 0
24.718750 0
24.656250 1
29.562500 0
9.812500 0
14.781250 0
14.718750 1
19.625000 0
14.718750 0
19.687500 0
19.625000 1
24.531250 0
14.656250 0
19.625000 0
19.562500 1
24.468750 0
19.687500 0
24.656250 0
24.593750 1
29.500000 0
14.843750 0
19.812500 0
19.750000 1
24.656250 0
19.750000 0
24.718750 0
24.656250 1
29.562500 0
19.687500 0
24.656250 0
24.593750 1
29.500000 0
24.718750 0
29.687500 0
29.625000 1
34.531250 0
4.937500 0
4.968750 1
9.843750 1
4.812500 0
9.781250 0
9.781250 1
14.687500 1
4.812500 0
9.781250 0
9.781250 1
14.687500 1
9.781250 0
14.750000 0
14.750000 1
19.656250 1
4.781250 0
9.750000 0
9.750000 1
14.656250 1
9.750000 0
14.718750 0
14.718750 1
19.625000 1
9.687500 0
14.656250 0
14.656250 1
19.562500 1
14.718750 0
19.687500 0
19.687500 1
24.593750 1
4.843750 0
9.812500 0
9.812500 1
14.718750 1
9.781250 0
14.750000 0
14.750000 1
19.656250 1
9.718750 0
14.687500 0
14.687500 1
19.593750 1
14.750000 0
19.718750 0
19.718750 1
24.625000 1
9.812500 0
14.781250 0
14.781250 1
19.687500 1
14.750000 0
19.718750 0
19.718750 1
24.625000 1
14.687500 0
19.656250 0
19.656250 1
24.562500 1
19.718750 0
24.687500 0
24.687500 1
29.593750 1
4.750000 0
9.718750 0
9.718750 1
14.625000 1
9.718750 0
14.687500 0
14.687500 1
19.593750 1
9.656250 0
14.625000 0
14.625000 1
19.531250 1
14.687500 0
19.656250 0
19.656250 1
24.562500 1
9.781250 0
14.750000 0
14.750000 1
19.656250 1
14.750000 0
19.718750 0
19.718750 1
24.625000 1
14.687500 0
19.656250 0
19.656250 1
24.562500 1
19.718750 0
24.687500 0
24.687500 1
29.593750 1
9.781250 0
14.750000 0
14.750000 1
19.656250 1
14.687500 0
19.656250 0
19.656250 1
24.562500 1
14.625000 0
19.593750 0
19.593750 1
24.500000 1
19.656250 0
24.625000 0
24.625000 1
29.531250 1
14.812500 0
19.781250 0
19.781250 1
24.687500 1
19.718750 0
24.687500 0
24.687500 1
29.593750 1
19.656250 0
24.625000 0
24.625000 1
29.531250 1
24.687500 0
29.656250 0
29.656250 1
34.562500 1
4.906250 0
5.000000 1
9.875000 1
4.781250 0
9.750000 0
9.812500 1
14.718750 1
4.781250 0
9.750000 0
9.812500 1
14.718750 1
9.750000 0
14.718750 0
14.781250 1
19.687500 1
4.750000 0
9.718750 0
9.781250 1
14.687500 1
9.718750 0
14.687500 0
14.750000 1
19.656250 1
9.656250 0
14.625000 0
14.687500 1
19.593750 1
14.687500 0
19.656250 0
19.718750 1
24.625000 1
4.812500 0
9.781250 0
9.843750 1
14.750000 1
9.750000 0
14.718750 0
14.781250 1
19.687500 1
9.687500 0
14.656250 0
14.718750 1
19.625000 1
14.718750 0
19.687500 0
19.750000 1
24.656250 1
9.781250 0
14.750000 0
14.812500 1
19.718750 1
14.718750 0
19.687500 0
19.750000 1
24.656250 1
14.656250 0
19.625000 0
19.687500 1
24.593750 1
19.687500 0
24.656250 0
24.718750 1
29.625000 1
4.718750 0
9.687500 0
9.750000 1
14.656250 1
9.687500 0
14.656250 0
14.718750 1
19.625000 1
9.625000 0
14.593750 0
14.656250 1
19.562500 1
14.656250 0
19.625000 0
19.687500 1
24.593750 1
9.750000 0
14.718750 0
14.781250 1
19.687500 1
14.718750 0
19.687500 0
19.750000 1
24.656250 1
14.656250 0
19.625000 0
19.687500 1
24.593750 1
19.687500 0
24.656250 0
24.718750 1
29.625000 1
9.750000 0
14.718750 0
14.781250 1
19.687500 1
14.656250 0
19.625000 0
19.687500 1
24.593750 1
14.593750 0
19.562500 0
19.625000 1
24.531250 1
19.625000 0
24.593750 0
24.656250 1
29.562500 1
14.781250 0
19.750000 0
19.812500 1
24.718750 1
19.687500 0
24.656250 0
24.718750 1
29.625000 1
19.625000 0
24.593750 0
24.656250 1
29.562500 1
24.656250 0
29.625000 0
29.687500 1
34.593750 1
4.906250 2
4.750000 1
9.781250 2
4.781250 1
9.750000 2
9.593750 1
14.593750 2
4.718750 1
9.750000 2
9.562500 1
14.593750 2
9.750000 1
14.718750 2
14.562500 1
19.562500 2
4.875000 1
9.718750 2
9.656250 1
14.562500 1
9.812500 1
14.687500 2
14.625000 1
19.531250 1
9.750000 1
14.625000 2
14.562500 1
19.468750 1
14.781250 1
19.656250 2
19.593750 1
24.500000 1
4.875000 1
9.781250 2
9.718750 1
14.625000 1
9.812500 1
14.718750 2
14.625000 1
19.562500 2
9.750000 1
14.656250 2
14.562500 1
19.500000 2
14.781250 1
19.687500 2
19.593750 1
24.531250 2
9.843750 1
14.750000 2
14.687500 1
19.593750 1
14.781250 1
19.687500 2
19.593750 1
24.531250 2
14.718750 1
19.625000 2
19.531250 1
24.468750 2
19.750000 1
24.656250 2
24.562500 1
29.500000 2
4.906250 1
9.687500 1
9.656250 1
14.562500 1
9.812500 1
14.656250 1
14.625000 1
19.531250 1
9.750000 1
14.593750 1
14.562500 1
19.468750 1
14.781250 1
19.625000 1
19.593750 1
24.500000 1
9.906250 1
14.718750 1
14.687500 1
19.593750 1
14.843750 1
19.687500 1
19.656250 1
24.562500 1
14.781250 1
19.625000 1
19.593750 1
24.500000 1
19.812500 1
24.656250 1
24.625000 1
29.531250 1
9.843750 1
14.718750 1
14.687500 1
19.593750 1
14.781250 1
19.625000 1
19.593750 1
24.500000 1
14.718750 1
19.562500 1
19.531250 1
24.437500 1
19.750000 1
24.593750 1
24.562500 1
29.468750 1
14.875000 1
19.750000 1
19.718750 1
24.625000 1
19.812500 1
24.656250 1
24.625000 1
29.531250 1
19.750000 1
24.593750 1
24.562500 1
29.468750 1
24.781250 1
29.625000 1
29.593750 1
34.500000 1
4.937500 2
4.781250 1
9.812500 2
4.812500 1
9.781250 2
9.625000 1
14.625000 2
4.750000 1
9.781250 2
9.593750 1
14.625000 2
9.781250 1
14.750000 2
14.593750 1
19.593750 2
4.906250 1
9.750000 2
9.687500 1
14.593750 1
9.843750 1
14.718750 2
14.656250 1
19.562500 1
9.781250 1
14.656250 2
14.593750 1
19.500000 1
14.812500 1
19.687500 2
19.625000 1
24.531250 1
4.906250 1
9.812500 2
9.750000 1
14.656250 1
9.843750 1
14.750000 2
14.656250 1
19.593750 2
9.781250 1
14.687500 2
14.593750 1
19.531250 2
14.812500 1
19.718750 2
19.625000 1
24.562500 2
9.875000 1
14.781250 2
14.718750 1
19.625000 1
14.812500 1
19.718750 2
19.625000 1
24.562500 2
14.750000 1
19.656250 2
19.562500 1
24.500000 2
19.781250 1
24.687500 2
24.593750 1
29.531250 2
4.875000 0
9.718750 2
9.625000 0
14.562500 2
9.781250 0
14.687500 2
14.593750 0
19.531250 2
9.718750 0
14.625000 2
14.531250 0
19.468750 2
14.750000 0
19.656250 2
19.562500 0
24.500000 2
9.906250 1
14.750000 2
14.656250 0
19.593750 2
14.812500 0
19.718750 2
19.625000 0
24.562500 2
14.750000 0
19.656250 2
19.562500 0
24.500000 2
19.781250 0
24.687500 2
24.593750 0
29.531250 2
9.843750 1
14.750000 2
14.656250 0
19.593750 2
14.750000 0
19.656250 2
19.562500 0
24.500000 2
14.687500 0
19.593750 2
19.500000 0
24.437500 2
19.718750 0
24.625000 2
24.531250 0
29.468750 2
14.875000 1
19.781250 2
19.687500 0
24.625000 2
19.781250 0
24.687500 2
24.593750 0
29.531250 2
19.718750 0
24.625000 2
24.531250 0
29.468750 2
24.750000 0
29.656250 2
29.562500 0
34.500000 2
4.968750 2
4.812500 1
9.843750 2
4.843750 1
9.812500 2
9.656250 1
14.656250 2
4.781250 1
9.812500 2
9.625000 1
14.656250 2
9.812500 1
14.781250 2
14.625000 1
19.625000 2
4.875000 0
9.781250 2
9.656250 0
14.625000 2
9.812500 0
14.750000 2
14.625000 0
19.593750 2
9.750000 0
14.687500 2
14.562500 0
19.531250 2
14.781250 0
19.718750 2
19.593750 0
24.562500 2
4.937500 1
9.843750 2
9.781250 1
14.687500 1
9.875000 1
14.781250 2
14.687500 1
19.625000 2
9.812500 1
14.718750 2
14.625000 1
19.562500 2
14.843750 1
19.750000 2
19.656250 1
24.593750 2
9.906250 1
14.812500 2
14.687500 0
19.656250 2
14.843750 1
19.750000 2
19.656250 1
24.593750 2
14.781250 1
19.687500 2
19.593750 1
24.531250 2
19.812500 1
24.718750 2
24.625000 1
29.562500 2
4.843750 0
9.750000 2
9.593750 0
14.593750 2
9.750000 0
14.718750 2
14.562500 0
19.562500 2
9.687500 0
14.656250 2
14.500000 0
19.500000 2
14.718750 0
19.687500 2
19.531250 0
24.531250 2
9.875000 0
14.781250 2
14.625000 0
19.625000 2
14.781250 0
19.750000 2
19.593750 0
24.593750 2
14.718750 0
19.687500 2
19.531250 0
24.531250 2
19.750000 0
24.718750 2
24.562500 0
29.562500 2
9.875000 1
14.781250 2
14.625000 0
19.625000 2
14.781250 1
19.687500 2
19.593750 1
24.531250 2
14.718750 1
19.625000 2
19.531250 1
24.468750 2
19.750000 1
24.656250 2
24.562500 1
29.500000 2
14.906250 1
19.812500 2
19.656250 0
24.656250 2
19.812500 1
24.718750 2
24.625000 1
29.562500 2
19.750000 1
24.656250 2
24.562500 1
29.500000 2
24.781250 1
29.687500 2
29.593750 1
34.531250 2
5.000000 2
4.843750 1
9.875000 2
4.875000 1
9.843750 2
9.687500 1
14.687500 2
4.812500 1
9.843750 2
9.656250 1
14.687500 2
9.843750 1
14.812500 2
14.656250 1
19.656250 2
4.843750 0
9.812500 2
9.625000 0
14.656250 2
9.812500 1
14.781250 2
14.593750 0
19.625000 2
9.718750 0
14.718750 2
14.531250 0
19.562500 2
14.750000 0
19.750000 2
19.562500 0
24.593750 2
4.906250 0
9.875000 2
9.750000 0
14.718750 2
9.843750 0
14.812500 2
14.656250 0
19.656250 2
9.781250 0
14.750000 2
14.593750 0
19.593750 2
14.812500 0
19.781250 2
19.625000 0
24.625000 2
9.875000 0
14.843750 2
14.656250 0
19.687500 2
14.812500 0
19.781250 2
19.625000 0
24.625000 2
14.750000 0
19.718750 2
19.562500 0
24.562500 2
19.781250 0
24.750000 2
24.593750 0
29.593750 2
4.812500 0
9.781250 2
9.593750 1
14.625000 2
9.781250 1
14.750000 2
14.562500 1
19.593750 2
9.656250 0
14.687500 2
14.500000 1
19.531250 2
14.687500 0
19.718750 2
19.531250 1
24.562500 2
9.843750 0
14.812500 2
14.625000 1
19.656250 2
14.812500 1
19.781250 2
19.593750 1
24.625000 2
14.687500 0
19.718750 2
19.531250 1
24.562500 2
19.718750 0
24.750000 2
24.562500 1
29.593750 2
9.843750 0
14.812500 2
14.625000 1
19.656250 2
14.750000 0
19.718750 2
19.562500 0
24.562500 2
14.687500 0
19.656250 2
19.500000 0
24.500000 2
19.718750 0
24.687500 2
24.531250 0
29.531250 2
14.875000 0
19.843750 2
19.656250 1
24.687500 2
19.781250 0
24.750000 2
24.593750 0
29.593750 2
19.718750 0
24.687500 2
24.531250 0
29.531250 2
24.750000 0
29.718750 2
29.562500 0
34.562500 2
4.968750 0
4.875000 1
9.843750 0
4.843750 0
9.812500 0
9.687500 1
14.656250 0
4.843750 1
9.812500 0
9.687500 1
14.656250 0
9.812500 0
14.781250 0
14.656250 1
19.625000 0
4.812500 0
9.781250 0
9.656250 1
14.625000 0
9.781250 0
14.750000 0
14.625000 1
19.593750 0
9.718750 1
14.687500 0
14.562500 1
19.531250 0
14.750000 1
19.718750 0
19.593750 1
24.562500 0
4.875000 0
9.843750 0
9.718750 0
14.687500 0
9.812500 0
14.781250 0
14.656250 1
19.625000 0
9.750000 0
14.718750 0
14.593750 1
19.562500 0
14.781250 0
19.750000 0
19.625000 1
24.593750 0
9.843750 0
14.812500 0
14.687500 1
19.656250 0
14.781250 0
19.750000 0
19.625000 1
24.593750 0
14.718750 0
19.687500 0
19.562500 1
24.531250 0
19.750000 0
24.718750 0
24.593750 1
29.562500 0
4.781250 0
9.750000 0
9.625000 1
14.593750 0
9.750000 0
14.718750 0
14.593750 1
19.562500 0
9.687500 1
14.656250 0
14.531250 1
19.500000 0
14.718750 1
19.687500 0
19.562500 1
24.531250 0
9.812500 0
14.781250 0
14.656250 1
19.625000 0
14.781250 0
19.750000 0
19.625000 1
24.593750 0
14.718750 1
19.687500 0
19.562500 1
24.531250 0
19.750000 1
24.718750 0
24.593750 1
29.562500 0
9.812500 0
14.781250 0
14.656250 1
19.625000 0
14.718750 0
19.687500 0
19.562500 1
24.531250 0
14.656250 0
19.625000 0
19.500000 1
24.468750 0
19.687500 0
24.656250 0
24.531250 1
29.500000 0
14.843750 0
19.812500 0
19.687500 1
24.656250 0
19.750000 0
24.718750 0
24.593750 1
29.562500 0
19.687500 0
24.656250 0
24.531250 1
29.500000 0
24.718750 0
29.687500 0
29.562500 1
34.531250 0
5.000000 0
4.906250 1
9.875000 0
4.812500 0
9.843750 0
9.718750 1
14.687500 0
4.812500 0
9.843750 0
9.718750 1
14.687500 0
9.781250 0
14.812500 0
14.687500 1
19.656250 0
4.781250 0
9.812500 0
9.687500 1
14.656250 0
9.750000 0
14.781250 0
14.656250 1
19.625000 0
9.687500 0
14.718750 0
14.593750 1
19.562500 0
14.718750 0
19.750000 0
19.625000 1
24.593750 0
4.843750 0
9.875000 0
9.750000 1
14.718750 0
9.781250 0
14.812500 0
14.687500 1
19.656250 0
9.718750 0
14.750000 0
14.625000 1
19.593750 0
14.750000 0
19.781250 0
19.656250 1
24.625000 0
9.812500 0
14.843750 0
14.718750 1
19.687500 0
14.750000 0
19.781250 0
19.656250 1
24.625000 0
14.687500 0
19.718750 0
19.593750 1
24.562500 0
19.718750 0
24.750000 0
24.625000 1
29.593750 0
4.750000 0
9.781250 0
9.656250 1
14.625000 0
9.718750 0
14.750000 0
14.625000 1
19.593750 0
9.656250 0
14.687500 0
14.562500 1
19.531250 0
14.687500 0
19.718750 0
19.593750 1
24.562500 0
9.781250 0
14.812500 0
14.687500 1
19.656250 0
14.750000 0
19.781250 0
19.656250 1
24.625000 0
14.687500 0
19.718750 0
19.593750 1
24.562500 0
19.718750 0
24.750000 0
24.625000 1
29.593750 0
9.781250 0
14.812500 0
14.687500 1
19.656250 0
14.687500 0
19.718750 0
19.593750 1
24.562500 0
14.625000 0
19.656250 0
19.531250 1
24.500000 0
19.656250 0
24.687500 0
24.562500 1
29.531250 0
14.812500 0
19.843750 0
19.718750 1
24.687500 0
19.718750 0
24.750000 0
24.625000 1
29.593750 0
19.656250 0
24.687500 0
24.562500 1
29.531250 0
24.687500 0
29.718750 0
29.593750 1
34.562500 0
4.968750 0
4.937500 1
9.843750 0
4.781250 0
9.812500 0
9.750000 1
14.656250 0
4.781250 0
9.812500 0
9.750000 1
14.656250 0
9.750000 0
14.781250 0
14.718750 1
19.625000 0
4.750000 0
9.781250 0
9.718750 1
14.625000 0
9.718750 0
14.750000 0
14.687500 1
19.593750 0
9.656250 0
14.687500 0
14.625000 1
19.531250 0
14.687500 0
19.718750 0
19.656250 1
24.562500 0
4.812500 0
9.843750 0
9.781250 1
14.687500 0
9.750000 0
14.781250 0
14.718750 1
19.625000 0
9.687500 0
14.718750 0
14.656250 1
19.562500 0
14.718750 0
19.750000 0
19.687500 1
24.593750 0
9.781250 0
14.812500 0
14.750000 1
19.656250 0
14.718750 0
19.750000 0
19.687500 1
24.593750 0
14.656250 0
19.687500 0
19.625000 1
24.531250 0
19.687500 0
24.718750 0
24.656250 1
29.562500 0
4.718750 0
9.750000 0
9.687500 1
14.593750 0
9.687500 0
14.718750 0
14.656250 1
19.562500 0
9.625000 0
14.656250 0
14.593750 1
19.500000 0
14.656250 0
19.687500 0
19.625000 1
24.531250 0
9.750000 0
14.781250 0
14.718750 1
19.625000 0
14.718750 0
19.750000 0
19.687500 1
24.593750 0
14.656250 0
19.687500 0
19.625000 1
24.531250 0
19.687500 0
24.718750 0
24.656250 1
29.562500 0
9.750000 0
14.781250 0
14.718750 1
19.625000 0
14.656250 0
19.687500 0
19.625000 1
24.531250 0
14.593750 0
19.625000 0
19.562500 1
24.468750 0
19.625000 0
24.656250 0
24.593750 1
29.500000 0
14.781250 0
19.812500 0
19.750000 1
24.656250 0
19.687500 0
24.718750 0
24.656250 1
29.562500 0
19.625000 0
24.656250 0
24.593750 1
29.500000 0
24.656250 0
29.687500 0
29.625000 1
34.531250 0
4.937500 0
4.968750 1
9.843750 1
4.750000 0
9.781250 0
9.781250 1
14.687500 1
4.750000 0
9.781250 0
9.781250 1
14.687500 1
9.718750 0
14.750000 0
14.750000 1
19.656250 1
4.718750 0
9.750000 0
9.750000 1
14.656250 1
9.687500 0
14.718750 0
14.718750 1
19.625000 1
9.625000 0
14.656250 0
14.656250 1
19.562500 1
14.656250 0
19.687500 0
19.687500 1
24.593750 1
4.781250 0
9.812500 0
9.812500 1
14.718750 1
9.718750 0
14.750000 0
14.750000 1
19.656250 1
9.656250 0
14.687500 0
14.687500 1
19.593750 1
14.687500 0
19.718750 0
19.718750 1
24.625000 1
9.750000 0
14.781250 0
14.781250 1
19.687500 1
14.687500 0
19.718750 0
19.718750 1
24.625000 1
14.625000 0
19.656250 0
19.656250 1
24.562500 1
19.656250 0
24.687500 0
24.687500 1
29.593750 1
4.687500 0
9.718750 0
9.718750 1
14.625000 1
9.656250 0
14.687500 0
14.687500 1
19.593750 1
9.593750 0
14.625000 0
14.625000 1
19.531250 1
14.625000 0
19.656250 0
19.656250 1
24.562500 1
9.718750 0
14.750000 0
14.750000 1
19.656250 1
14.687500 0
19.718750 0
19.718750 1
24.625000 1
14.625000 0
19.656250 0
19.656250 1
24.562500 1
19.656250 0
24.687500 0
24.687500 1
29.593750 1
9.718750 0
14.750000 0
14.750000 1
19.656250 1
14.625000 0
19.656250 0
19.656250 1
24.562500 1
14.562500 0
19.593750 0
19.593750 1
24.500000 1
19.593750 0
24.625000 0
24.625000 1
29.531250 1
14.750000 0
19.781250 0
19.781250 1
24.687500 1
19.656250 0
24.687500 0
24.687500 1
29.593750 1
19.593750 0
24.625000 0
24.625000 1
29.531250 1
24.625000 0
29.656250 0
29.656250 1
34.562500 1
4.875000 1
4.718750 1
9.750000 1
4.750000 1
9.718750 1
9.562500 1
14.562500 1
4.687500 1
9.718750 1
9.531250 1
14.562500 1
9.718750 1
14.687500 1
14.531250 1
19.531250 1
4.843750 1
9.687500 1
9.625000 1
14.531250 1
9.781250 1
14.656250 1
14.593750 1
19.500000 1
9.718750 1
14.593750 1
14.531250 1
19.437500 1
14.750000 1
19.625000 1
19.562500 1
24.468750 1
4.843750 1
9.750000 1
9.687500 1
14.593750 1
9.781250 1
14.687500 1
14.593750 1
19.531250 1
9.718750 1
14.625000 1
14.531250 1
19.468750 1
14.750000 1
19.656250 1
19.562500 1
24.500000 1
9.812500 1
14.718750 1
14.656250 1
19.562500 1
14.750000 1
19.656250 1
19.562500 1
24.500000 1
14.687500 1
19.593750 1
19.500000 1
24.437500 1
19.718750 1
24.625000 1
24.531250 1
29.468750 1
4.875000 1
9.656250 1
9.625000 1
14.531250 1
9.781250 1
14.625000 1
14.593750 1
19.500000 1
9.718750 1
14.562500 1
14.531250 1
19.437500 1
14.750000 1
19.593750 1
19.562500 1
24.468750 1
9.875000 1
14.687500 1
14.656250 1
19.562500 1
14.812500 1
19.656250 1
19.625000 1
24.531250 1
14.750000 1
19.593750 1
19.562500 1
24.468750 1
19.781250 1
24.625000 1
24.593750 1
29.500000 1
9.812500 1
14.687500 1
14.656250 1
19.562500 1
14.750000 1
19.593750 1
19.562500 1
24.468750 1
14.687500 1
19.531250 1
19.500000 1
24.406250 1
19.718750 1
24.562500 1
24.531250 1
29.437500 1
14.843750 1
19.718750 1
19.687500 1
24.593750 1
19.781250 1
24.625000 1
24.593750 1
29.500000 1
19.718750 1
24.562500 1
24.531250 1
29.437500 1
24.750000 1
29.593750 1
29.562500 1
34.468750 1
4.906250 1
4.750000 1
9.781250 1
4.781250 1
9.750000 1
9.593750 1
14.593750 1
4.718750 1
9.750000 1
9.562500 1
14.593750 1
9.750000 1
14.718750 1
14.562500 1
19.562500 1
4.875000 1
9.718750 1
9.656250 1
14.562500 1
9.812500 1
14.687500 1
14.625000 1
19.531250 1
9.750000 1
14.625000 1
14.562500 1
19.468750 1
14.781250 1
19.656250 1
19.593750 1
24.500000 1
4.875000 1
9.781250 1
9.718750 1
14.625000 1
9.812500 1
14.718750 1
14.625000 1
19.562500 1
9.750000 1
14.656250 1
14.562500 1
19.500000 1
14.781250 1
19.687500 1
19.593750 1
24.531250 1
9.843750 1
14.750000 1
14.687500 1
19.593750 1
14.781250 1
19.687500 1
19.593750 1
24.531250 1
14.718750 1
19.625000 1
19.531250 1
24.468750 1
19.750000 1
24.656250 1
24.562500 1
29.500000 1
4.843750 0
9.687500 1
9.593750 0
14.531250 1
9.750000 0
14.656250 1
14.562500 0
19.500000 1
9.687500 0
14.593750 1
14.500000 0
19.437500 1
14.718750 0
19.625000 1
19.531250 0
24.468750 1
9.875000 1
14.718750 1
14.625000 0
19.562500 1
14.781250 0
19.687500 1
19.593750 0
24.531250 1
14.718750 0
19.625000 1
19.531250 0
24.468750 1
19.750000 0
24.656250 1
24.562500 0
29.500000 1
9.812500 1
14.718750 1
14.625000 0
19.562500 1
14.718750 0
19.625000 1
19.531250 0
24.468750 1
14.656250 0
19.562500 1
19.468750 0
24.406250 1
19.687500 0
24.593750 1
24.500000 0
29.437500 1
14.843750 1
19.750000 1
19.656250 0
24.593750 1
19.750000 0
24.656250 1
24.562500 0
29.500000 1
19.687500 0
24.593750 1
24.500000 0
29.437500 1
24.718750 0
29.625000 1
29.531250 0
34.468750 1
4.937500 1
4.781250 1
9.812500 1
4.812500 1
9.781250 1
9.625000 1
14.625000 1
4.750000 1
9.781250 1
9.593750 1
14.625000 1
9.781250 1
14.750000 1
14.593750 1
19.593750 1
4.843750 0
9.750000 1
9.625000 0
14.593750 1
9.781250 0
14.718750 1
14.593750 0
19.562500 1
9.718750 0
14.656250 1
14.531250 0
19.500000 1
14.750000 0
19.687500 1
19.562500 0
24.531250 1
4.906250 1
9.812500 1
9.750000 1
14.656250 1
9.843750 1
14.750000 1
14.656250 1
19.593750 1
9.781250 1
14.687500 1
14.593750 1
19.531250 1
14.812500 1
19.718750 1
19.625000 1
24.562500 1
9.875000 1
14.781250 1
14.656250 0
19.625000 1
14.812500 1
19.718750 1
19.625000 1
24.562500 1
14.750000 1
19.656250 1
19.562500 1
24.500000 1
19.781250 1
24.687500 1
24.593750 1
29.531250 1
4.812500 0
9.718750 1
9.562500 0
14.562500 1
9.718750 0
14.687500 1
14.531250 0
19.531250 1
9.656250 0
14.625000 1
14.468750 0
19.468750 1
14.687500 0
19.656250 1
19.500000 0
24.500000 1
9.843750 0
14.750000 1
14.593750 0
19.593750 1
14.750000 0
19.718750 1
19.562500 0
24.562500 1
14.687500 0
19.656250 1
19.500000 0
24.500000 1
19.718750 0
24.687500 1
24.531250 0
29.531250 1
9.843750 1
14.750000 1
14.593750 0
19.593750 1
14.750000 1
19.656250 1
19.562500 1
24.500000 1
14.687500 1
19.593750 1
19.500000 1
24.437500 1
19.718750 1
24.625000 1
24.531250 1
29.468750 1
14.875000 1
19.781250 1
19.625000 0
24.625000 1
19.781250 1
24.687500 1
24.593750 1
29.531250 1
19.718750 1
24.625000 1
24.531250 1
29.468750 1
24.750000 1
29.656250 1
29.562500 1
34.500000 1
4.968750 1
4.812500 1
9.843750 1
4.843750 1
9.812500 1
9.656250 1
14.656250 1
4.781250 1
9.812500 1
9.625000 1
14.656250 1
9.812500 1
14.781250 1
14.625000 1
19.625000 1
4.812500 0
9.781250 1
9.593750 0
14.625000 1
9.781250 1
14.750000 1
14.562500 0
19.593750 1
9.687500 0
14.687500 1
14.500000 0
19.531250 1
14.718750 0
19.718750 1
19.531250 0
24.562500 1
4.875000 0
9.843750 1
9.718750 0
14.687500 1
9.812500 0
14.781250 1
14.625000 0
19.625000 1
9.750000 0
14.718750 1
14.562500 0
19.562500 1
14.781250 0
19.750000 1
19.593750 0
24.593750 1
9.843750 0
14.812500 1
14.625000 0
19.656250 1
14.781250 0
19.750000 1
19.593750 0
24.593750 1
14.718750 0
19.687500 1
19.531250 0
24.531250 1
19.750000 0
24.718750 1
24.562500 0
29.562500 1
4.781250 0
9.750000 1
9.562500 1
14.593750 1
9.750000 1
14.718750 1
14.531250 1
19.562500 1
9.625000 0
14.656250 1
14.468750 1
19.500000 1
14.656250 0
19.687500 1
19.500000 1
24.531250 1
9.812500 0
14.781250 1
14.593750 1
19.625000 1
14.781250 1
19.750000 1
19.562500 1
24.593750 1
14.656250 0
19.687500 1
19.500000 1
24.531250 1
19.687500 0
24.718750 1
24.531250 1
29.562500 1
9.812500 0
14.781250 1
14.593750 1
19.625000 1
14.718750 0
19.687500 1
19.531250 0
24.531250 1
14.656250 0
19.625000 1
19.468750 0
24.468750 1
19.687500 0
24.656250 1
24.500000 0
29.500000 1
14.843750 0
19.812500 1
19.625000 1
24.656250 1
19.750000 0
24.718750 1
24.562500 0
29.562500 1
19.687500 0
24.656250 1
24.500000 0
29.500000 1
24.718750 0
29.687500 1
29.531250 0
34.531250 1
5.000000 1
4.843750 1
9.875000 1
4.812500 0
9.843750 1
9.656250 1
14.687500 1
4.812500 1
9.843750 1
9.656250 1
14.687500 1
9.781250 0
14.812500 1
14.625000 1
19.656250 1
4.781250 0
9.812500 1
9.625000 1
14.656250 1
9.750000 0
14.781250 1
14.593750 1
19.625000 1
9.687500 1
14.718750 1
14.531250 1
19.562500 1
14.718750 1
19.750000 1
19.562500 1
24.593750 1
4.843750 0
9.875000 1
9.687500 0
14.718750 1
9.781250 0
14.812500 1
14.625000 1
19.656250 1
9.718750 0
14.750000 1
14.562500 1
19.593750 1
14.750000 0
19.781250 1
19.593750 1
24.625000 1
9.812500 0
14.843750 1
14.656250 1
19.687500 1
14.750000 0
19.781250 1
19.593750 1
24.625000 1
14.687500 0
19.718750 1
19.531250 1
24.562500 1
19.718750 0
24.750000 1
24.562500 1
29.593750 1
4.750000 0
9.781250 1
9.593750 1
14.625000 1
9.718750 0
14.750000 1
14.562500 1
19.593750 1
9.656250 1
14.687500 1
14.500000 1
19.531250 1
14.687500 1
19.718750 1
19.531250 1
24.562500 1
9.781250 0
14.812500 1
14.625000 1
19.656250 1
14.750000 0
19.781250 1
19.593750 1
24.625000 1
14.687500 1
19.718750 1
19.531250 1
24.562500 1
19.718750 1
24.750000 1
24.562500 1
29.593750 1
9.781250 0
14.812500 1
14.625000 1
19.656250 1
14.687500 0
19.718750 1
19.531250 1
24.562500 1
14.625000 0
19.656250 1
19.468750 1
24.500000 1
19.656250 0
24.687500 1
24.500000 1
29.531250 1
14.812500 0
19.843750 1
19.656250 1
24.687500 1
19.718750 0
24.750000 1
24.562500 1
29.593750 1
19.656250 0
24.687500 1
24.500000 1
29.531250 1
24.687500 0
29.718750 1
29.531250 1
34.562500 1
4.968750 0
4.875000 1
9.843750 0
4.781250 0
9.812500 0
9.687500 1
14.656250 0
4.781250 0
9.812500 0
9.687500 1
14.656250 0
9.750000 0
14.781250 0
14.656250 1
19.625000 0
4.750000 0
9.781250 0
9.656250 1
14.625000 0
9.718750 0
14.750000 0
14.625000 1
19.593750 0
9.656250 0
14.687500 0
14.562500 1
19.531250 0
14.687500 0
19.718750 0
19.593750 1
24.562500 0
4.812500 0
9.843750 0
9.718750 1
14.687500 0
9.750000 0
14.781250 0
14.656250 1
19.625000 0
9.687500 0
14.718750 0
14.593750 1
19.562500 0
14.718750 0
19.750000 0
19.625000 1
24.593750 0
9.781250 0
14.812500 0
14.687500 1
19.656250 0
14.718750 0
19.750000 0
19.625000 1
24.593750 0
14.656250 0
19.687500 0
19.562500 1
24.531250 0
19.687500 0
24.718750 0
24.593750 1
29.562500 0
4.718750 0
9.750000 0
9.625000 1
14.593750 0
9.687500 0
14.718750 0
14.593750 1
19.562500 0
9.625000 0
14.656250 0
14.531250 1
19.500000 0
14.656250 0
19.687500 0
19.562500 1
24.531250 0
9.750000 0
14.781250 0
14.656250 1
19.625000 0
14.718750 0
19.750000 0
19.625000 1
24.593750 0
14.656250 0
19.687500 0
19.562500 1
24.531250 0
19.687500 0
24.718750 0
24.593750 1
29.562500 0
9.750000 0
14.781250 0
14.656250 1
19.625000 0
14.656250 0
19.687500 0
19.562500 1
24.531250 0
14.593750 0
19.625000 0
19.500000 1
24.468750 0
19.625000 0
24.656250 0
24.531250 1
29.500000 0
14.781250 0
19.812500 0
19.687500 1
24.656250 0
19.687500 0
24.718750 0
24.593750 1
29.562500 0
19.625000 0
24.656250 0
24.531250 1
29.500000 0
24.656250 0
29.687500 0
29.562500 1
34.531250 0
4.937500 0
4.906250 1
9.812500 0
4.750000 0
9.781250 0
9.718750 1
14.625000 0
4.750000 0
9.781250 0
9.718750 1
14.625000 0
9.718750 0
14.750000 0
14.687500 1
19.593750 0
4.718750 0
9.750000 0
9.687500 1
14.593750 0
9.687500 0
14.718750 0
14.656250 1
19.562500 0
9.625000 0
14.656250 0
14.593750 1
19.500000 0
14.656250 0
19.687500 0
19.625000 1
24.531250 0
4.781250 0
9.812500 0
9.750000 1
14.656250 0
9.718750 0
14.750000 0
14.687500 1
19.593750 0
9.656250 0
14.687500 0
14.625000 1
19.531250 0
14.687500 0
19.718750 0
19.656250 1
24.562500 0
9.750000 0
14.781250 0
14.718750 1
19.625000 0
14.687500 0
19.718750 0
19.656250 1
24.562500 0
14.625000 0
19.656250 0
19.593750 1
24.500000 0
19.656250 0
24.687500 0
24.625000 1
29.531250 0
4.687500 0
9.718750 0
9.656250 1
14.562500 0
9.656250 0
14.687500 0
14.625000 1
19.531250 0
9.593750 0
14.625000 0
14.562500 1
19.468750 0
14.625000 0
19.656250 0
19.593750 1
24.500000 0
9.718750 0
14.750000 0
14.687500 1
19.593750 0
14.687500 0
19.718750 0
19.656250 1
24.562500 0
14.625000 0
19.656250 0
19.593750 1
24.500000 0
19.656250 0
24.687500 0
24.625000 1
29.531250 0
9.718750 0
14.750000 0
14.687500 1
19.593750 0
14.625000 0
19.656250 0
19.593750 1
24.500000 0
14.562500 0
19.593750 0
19.531250 1
24.437500 0
19.593750 0
24.625000 0
24.562500 1
29.468750 0
14.750000 0
19.781250 0
19.718750 1
24.625000 0
19.656250 0
24.687500 0
24.625000 1
29.531250 0
19.593750 0
24.625000 0
24.562500 1
29.468750 0
24.625000 0
29.656250 0
29.593750 1
34.500000 0
4.906250 0
4.937500 1
9.812500 1
4.718750 0
9.750000 0
9.750000 1
14.656250 1
4.718750 0
9.750000 0
9.750000 1
14.656250 1
9.687500 0
14.718750 0
14.718750 1
19.625000 1
4.687500 0
9.718750 0
9.718750 1
14.625000 1
9.656250 0
14.687500 0
14.687500 1
19.593750 1
9.593750 0
14.625000 0
14.625000 1
19.531250 1
14.625000 0
19.656250 0
19.656250 1
24.562500 1
4.750000 0
9.781250 0
9.781250 1
14.687500 1
9.687500 0
14.718750 0
14.718750 1
19.625000 1
9.625000 0
14.656250 0
14.656250 1
19.562500 1
14.656250 0
19.687500 0
19.687500 1
24.593750 1
9.718750 0
14.750000 0
14.750000 1
19.656250 1
14.656250 0
19.687500 0
19.687500 1
24.593750 1
14.593750 0
19.625000 0
19.625000 1
24.531250 1
19.625000 0
24.656250 0
24.656250 1
29.562500 1
4.656250 0
9.687500 0
9.687500 1
14.593750 1
9.625000 0
14.656250 0
14.656250 1
19.562500 1
9.562500 0
14.593750 0
14.593750 1
19.500000 1
14.593750 0
19.625000 0
19.625000 1
24.531250 1
9.687500 0
14.718750 0
14.718750 1
19.625000 1
14.656250 0
19.687500 0
19.687500 1
24.593750 1
14.593750 0
19.625000 0
19.625000 1
24.531250 1
19.625000 0
24.656250 0
24.656250 1
29.562500 1
9.687500 0
14.718750 0
14.718750 1
19.625000 1
14.593750 0
19.625000 0
19.625000 1
24.531250 1
14.531250 0
19.562500 0
19.562500 1
24.468750 1
19.562500 0
24.593750 0
24.593750 1
29.500000 1
14.718750 0
19.750000 0
19.750000 1
24.656250 1
19.625000 0
24.656250 0
24.656250 1
29.562500 1
19.562500 0
24.593750 0
24.593750 1
29.500000 1
24.593750 0
29.625000 0
29.625000 1
34.531250 1
