0.000000 0
0.000000 0
4.021977 2
4.258983 6
7.018873 1
4.034447 2
4.089321 1
6.763303 1
4.040639 2
4.048430 1
6.222959 1
4.034447 2
4.021977 1
6.421603 2
4.057128 6
4.904141 6
7.254811 1
4.089321 2
4.215445 1
6.844626 1
4.258983 6
4.089321 1
6.381848 6
4.089321 2
4.034447 1
6.763303 2
4.089321 2
5.333333 1
7.984843 1
4.215445 2
4.904141 3
6.767452 1
4.904141 6
4.258983 3
7.148113 2
4.215445 2
4.040639 1
7.098496 2
4.258983 5
4.904141 4
7.148113 1
4.904141 5
4.215445 1
6.767452 2
5.333333 2
4.089321 1
7.984843 2
4.904141 3
4.066266 3
7.316920 2
