numStates 50
numActions 7
end 0 1
transition 2 0 2 0 0.9864137694138823
transition 2 0 0 -2 0.013586230586117782
transition 3 0 3 0 0.9864137694138823
transition 3 0 0 -2 0.013586230586117782
transition 4 0 4 0 0.9728275388277644
transition 4 0 0 -2 0.027172461172235565
transition 2 1 2 0 0.9864137694138823
transition 2 2 2 0 0.9864137694138823
transition 2 1 0 -2 0.013586230586117782
transition 2 2 0 -2 0.013586230586117782
transition 3 1 3 0 0.9864137694138823
transition 3 2 3 0 0.9864137694138823
transition 3 1 0 -2 0.013586230586117782
transition 3 2 0 -2 0.013586230586117782
transition 4 1 4 0 0.9728275388277644
transition 4 2 4 0 0.9728275388277644
transition 4 1 0 -2 0.027172461172235565
transition 4 2 0 -2 0.027172461172235565
transition 4 3 0 -2 1
transition 2 3 0 -2 1
transition 3 3 0 -2 1
transition 4 4 0 -2 1
transition 2 4 0 -2 1
transition 3 4 0 -2 1
transition 2 5 5 0 0.9864137694138823
transition 2 5 2 -2 0.013586230586117782
transition 3 5 6 0 0.9864137694138823
transition 3 5 3 -2 0.013586230586117782
transition 4 5 7 0 0.9728275388277644
transition 4 5 4 -2 0.027172461172235565
transition 2 6 14 0 0.9864137694138823
transition 2 6 2 -2 0.013586230586117782
transition 3 6 15 0 0.9864137694138823
transition 3 6 3 -2 0.013586230586117782
transition 4 6 16 0 0.9728275388277644
transition 4 6 4 -2 0.027172461172235565
transition 5 0 5 0 0.9788353901883975
transition 5 0 0 -2 0.021164609811602498
transition 6 0 6 0 0.9788353901883975
transition 6 0 0 -2 0.021164609811602498
transition 7 0 7 0 0.957670780376795
transition 7 0 0 -2 0.042329219623204996
transition 5 1 5 0 0.9788353901883975
transition 5 2 5 0 0.9788353901883975
transition 5 1 0 -2 0.021164609811602498
transition 5 2 0 -2 0.021164609811602498
transition 6 1 6 0 0.9788353901883975
transition 6 2 6 0 0.9788353901883975
transition 6 1 0 -2 0.021164609811602498
transition 6 2 0 -2 0.021164609811602498
transition 7 1 7 0 0.957670780376795
transition 7 2 7 0 0.957670780376795
transition 7 1 0 -2 0.042329219623204996
transition 7 2 0 -2 0.042329219623204996
transition 5 3 2 0 0.9788353901883975
transition 5 3 5 -2 0.021164609811602498
transition 6 3 3 0 0.9788353901883975
transition 6 3 6 -2 0.021164609811602498
transition 7 3 4 0 0.957670780376795
transition 7 3 7 -2 0.042329219623204996
transition 7 4 0 -2 1
transition 5 4 0 -2 1
transition 6 4 0 -2 1
transition 5 5 8 0 0.9788353901883975
transition 5 5 5 -2 0.021164609811602498
transition 6 5 9 0 0.9788353901883975
transition 6 5 6 -2 0.021164609811602498
transition 7 5 10 0 0.957670780376795
transition 7 5 7 -2 0.042329219623204996
transition 5 6 17 0 0.9788353901883975
transition 5 6 5 -2 0.021164609811602498
transition 6 6 18 0 0.9788353901883975
transition 6 6 6 -2 0.021164609811602498
transition 7 6 19 0 0.957670780376795
transition 7 6 7 -2 0.042329219623204996
transition 8 0 8 0 0.975106465816068
transition 8 0 0 -2 0.024893534183931976
transition 9 0 9 0 0.975106465816068
transition 9 0 0 -2 0.024893534183931976
transition 10 0 10 0 0.950212931632136
transition 10 0 0 -2 0.04978706836786395
transition 8 1 8 0 0.975106465816068
transition 8 2 8 0 0.975106465816068
transition 8 1 0 -2 0.024893534183931976
transition 8 2 0 -2 0.024893534183931976
transition 9 1 9 0 0.975106465816068
transition 9 2 9 0 0.975106465816068
transition 9 1 0 -2 0.024893534183931976
transition 9 2 0 -2 0.024893534183931976
transition 10 1 10 0 0.950212931632136
transition 10 2 10 0 0.950212931632136
transition 10 1 0 -2 0.04978706836786395
transition 10 2 0 -2 0.04978706836786395
transition 8 3 5 0 0.975106465816068
transition 8 3 8 -2 0.024893534183931976
transition 9 3 6 0 0.975106465816068
transition 9 3 9 -2 0.024893534183931976
transition 10 3 7 0 0.950212931632136
transition 10 3 10 -2 0.04978706836786395
transition 10 4 0 -2 1
transition 8 4 0 -2 1
transition 9 4 0 -2 1
transition 8 5 11 0 0.975106465816068
transition 8 5 8 -2 0.024893534183931976
transition 9 5 12 0 0.975106465816068
transition 9 5 9 -2 0.024893534183931976
transition 10 5 13 0 0.950212931632136
transition 10 5 10 -2 0.04978706836786395
transition 8 6 20 0 0.975106465816068
transition 8 6 8 -2 0.024893534183931976
transition 9 6 21 0 0.975106465816068
transition 9 6 9 -2 0.024893534183931976
transition 10 6 22 0 0.950212931632136
transition 10 6 10 -2 0.04978706836786395
transition 11 0 11 0 0.9788353901883975
transition 11 0 0 -2 0.021164609811602498
transition 12 0 12 0 0.9788353901883975
transition 12 0 0 -2 0.021164609811602498
transition 13 0 13 0 0.957670780376795
transition 13 0 0 -2 0.042329219623204996
transition 11 1 11 0 0.9788353901883975
transition 11 2 11 0 0.9788353901883975
transition 11 1 0 -2 0.021164609811602498
transition 11 2 0 -2 0.021164609811602498
transition 12 1 12 0 0.9788353901883975
transition 12 2 12 0 0.9788353901883975
transition 12 1 0 -2 0.021164609811602498
transition 12 2 0 -2 0.021164609811602498
transition 13 1 13 0 0.957670780376795
transition 13 2 13 0 0.957670780376795
transition 13 1 0 -2 0.042329219623204996
transition 13 2 0 -2 0.042329219623204996
transition 11 3 8 0 0.9788353901883975
transition 11 3 11 -2 0.021164609811602498
transition 12 3 9 0 0.9788353901883975
transition 12 3 12 -2 0.021164609811602498
transition 13 3 10 0 0.957670780376795
transition 13 3 13 -2 0.042329219623204996
transition 13 4 0 -2 1
transition 11 4 0 -2 1
transition 12 4 0 -2 1
transition 13 5 0 -2 1
transition 11 5 0 -2 1
transition 12 5 0 -2 1
transition 11 6 23 0 0.9788353901883975
transition 11 6 11 -2 0.021164609811602498
transition 12 6 24 0 0.9788353901883975
transition 12 6 12 -2 0.021164609811602498
transition 13 6 25 0 0.957670780376795
transition 13 6 13 -2 0.042329219623204996
transition 14 0 14 0 0.9704471267190219
transition 14 0 0 -2 0.029552873280978116
transition 15 0 15 0 0.9704471267190219
transition 15 0 0 -2 0.029552873280978116
transition 16 0 16 0 0.9408942534380438
transition 16 0 0 -2 0.05910574656195623
transition 14 1 14 0 0.9704471267190219
transition 14 2 14 0 0.9704471267190219
transition 14 1 0 -2 0.029552873280978116
transition 14 2 0 -2 0.029552873280978116
transition 15 1 15 0 0.9704471267190219
transition 15 2 15 0 0.9704471267190219
transition 15 1 0 -2 0.029552873280978116
transition 15 2 0 -2 0.029552873280978116
transition 16 1 16 0 0.9408942534380438
transition 16 2 16 0 0.9408942534380438
transition 16 1 0 -2 0.05910574656195623
transition 16 2 0 -2 0.05910574656195623
transition 16 3 0 -2 1
transition 14 3 0 -2 1
transition 15 3 0 -2 1
transition 14 4 2 0 0.9704471267190219
transition 14 4 14 -2 0.029552873280978116
transition 15 4 3 0 0.9704471267190219
transition 15 4 15 -2 0.029552873280978116
transition 16 4 4 0 0.9408942534380438
transition 16 4 16 -2 0.05910574656195623
transition 14 5 17 0 0.9704471267190219
transition 14 5 14 -2 0.029552873280978116
transition 15 5 18 0 0.9704471267190219
transition 15 5 15 -2 0.029552873280978116
transition 16 5 19 0 0.9408942534380438
transition 16 5 16 -2 0.05910574656195623
transition 14 6 26 5 0.9704471267190219
transition 14 6 0 3 0.029552873280978116
transition 15 6 1 5 0.9704471267190219
transition 15 6 0 3 0.029552873280978116
transition 16 6 26 5 0.9408942534380438
transition 16 6 0 3 0.05910574656195623
transition 17 0 17 0 0.9465610371698071
transition 17 0 0 -2 0.05343896283019288
transition 18 0 18 0 0.9465610371698071
transition 18 0 0 -2 0.05343896283019288
transition 19 0 19 0 0.8931220743396142
transition 19 0 0 -2 0.10687792566038576
transition 17 1 17 0 0.9465610371698071
transition 17 2 17 0 0.9465610371698071
transition 17 1 0 -2 0.05343896283019288
transition 17 2 0 -2 0.05343896283019288
transition 18 1 18 0 0.9465610371698071
transition 18 2 18 0 0.9465610371698071
transition 18 1 0 -2 0.05343896283019288
transition 18 2 0 -2 0.05343896283019288
transition 19 1 19 0 0.8931220743396142
transition 19 2 19 0 0.8931220743396142
transition 19 1 0 -2 0.10687792566038576
transition 19 2 0 -2 0.10687792566038576
transition 17 3 14 0 0.9465610371698071
transition 17 3 17 -2 0.05343896283019288
transition 18 3 15 0 0.9465610371698071
transition 18 3 18 -2 0.05343896283019288
transition 19 3 16 0 0.8931220743396142
transition 19 3 19 -2 0.10687792566038576
transition 17 4 5 0 0.9465610371698071
transition 17 4 17 -2 0.05343896283019288
transition 18 4 6 0 0.9465610371698071
transition 18 4 18 -2 0.05343896283019288
transition 19 4 7 0 0.8931220743396142
transition 19 4 19 -2 0.10687792566038576
transition 17 5 20 0 0.9465610371698071
transition 17 5 17 -2 0.05343896283019288
transition 18 5 21 0 0.9465610371698071
transition 18 5 18 -2 0.05343896283019288
transition 19 5 22 0 0.8931220743396142
transition 19 5 19 -2 0.10687792566038576
transition 17 6 29 0 0.9465610371698071
transition 17 6 17 -2 0.05343896283019288
transition 18 6 30 0 0.9465610371698071
transition 18 6 18 -2 0.05343896283019288
transition 19 6 31 0 0.8931220743396142
transition 19 6 19 -2 0.10687792566038576
transition 20 0 20 0 0.9323323583816936
transition 20 0 0 -2 0.06766764161830635
transition 21 0 21 0 0.9323323583816936
transition 21 0 0 -2 0.06766764161830635
transition 22 0 22 0 0.8646647167633873
transition 22 0 0 -2 0.1353352832366127
transition 20 1 20 0 0.9323323583816936
transition 20 2 20 0 0.9323323583816936
transition 20 1 0 -2 0.06766764161830635
transition 20 2 0 -2 0.06766764161830635
transition 21 1 21 0 0.9323323583816936
transition 21 2 21 0 0.9323323583816936
transition 21 1 0 -2 0.06766764161830635
transition 21 2 0 -2 0.06766764161830635
transition 22 1 22 0 0.8646647167633873
transition 22 2 22 0 0.8646647167633873
transition 22 1 0 -2 0.1353352832366127
transition 22 2 0 -2 0.1353352832366127
transition 20 3 17 0 0.9323323583816936
transition 20 3 20 -2 0.06766764161830635
transition 21 3 18 0 0.9323323583816936
transition 21 3 21 -2 0.06766764161830635
transition 22 3 19 0 0.8646647167633873
transition 22 3 22 -2 0.1353352832366127
transition 20 4 8 0 0.9323323583816936
transition 20 4 20 -2 0.06766764161830635
transition 21 4 9 0 0.9323323583816936
transition 21 4 21 -2 0.06766764161830635
transition 22 4 10 0 0.8646647167633873
transition 22 4 22 -2 0.1353352832366127
transition 20 5 23 0 0.9323323583816936
transition 20 5 20 -2 0.06766764161830635
transition 21 5 24 0 0.9323323583816936
transition 21 5 21 -2 0.06766764161830635
transition 22 5 25 0 0.8646647167633873
transition 22 5 22 -2 0.1353352832366127
transition 20 6 32 0 0.9323323583816936
transition 20 6 20 -2 0.06766764161830635
transition 21 6 33 0 0.9323323583816936
transition 21 6 21 -2 0.06766764161830635
transition 22 6 34 0 0.8646647167633873
transition 22 6 22 -2 0.1353352832366127
transition 23 0 23 0 0.9465610371698071
transition 23 0 0 -2 0.05343896283019288
transition 24 0 24 0 0.9465610371698071
transition 24 0 0 -2 0.05343896283019288
transition 25 0 25 0 0.8931220743396142
transition 25 0 0 -2 0.10687792566038576
transition 23 1 23 0 0.9465610371698071
transition 23 2 23 0 0.9465610371698071
transition 23 1 0 -2 0.05343896283019288
transition 23 2 0 -2 0.05343896283019288
transition 24 1 24 0 0.9465610371698071
transition 24 2 24 0 0.9465610371698071
transition 24 1 0 -2 0.05343896283019288
transition 24 2 0 -2 0.05343896283019288
transition 25 1 25 0 0.8931220743396142
transition 25 2 25 0 0.8931220743396142
transition 25 1 0 -2 0.10687792566038576
transition 25 2 0 -2 0.10687792566038576
transition 23 3 20 0 0.9465610371698071
transition 23 3 23 -2 0.05343896283019288
transition 24 3 21 0 0.9465610371698071
transition 24 3 24 -2 0.05343896283019288
transition 25 3 22 0 0.8931220743396142
transition 25 3 25 -2 0.10687792566038576
transition 23 4 11 0 0.9465610371698071
transition 23 4 23 -2 0.05343896283019288
transition 24 4 12 0 0.9465610371698071
transition 24 4 24 -2 0.05343896283019288
transition 25 4 13 0 0.8931220743396142
transition 25 4 25 -2 0.10687792566038576
transition 25 5 0 -2 1
transition 23 5 0 -2 1
transition 24 5 0 -2 1
transition 23 6 35 0 0.9465610371698071
transition 23 6 23 -2 0.05343896283019288
transition 24 6 36 0 0.9465610371698071
transition 24 6 24 -2 0.05343896283019288
transition 25 6 37 0 0.8931220743396142
transition 25 6 25 -2 0.10687792566038576
transition 26 0 26 0 0.9465610371698071
transition 26 0 0 -2 0.05343896283019288
transition 27 0 27 0 0.9465610371698071
transition 27 0 0 -2 0.05343896283019288
transition 28 0 28 0 0.8931220743396142
transition 28 0 0 -2 0.10687792566038576
transition 26 1 26 0 0.9465610371698071
transition 26 2 26 0 0.9465610371698071
transition 26 1 0 -2 0.05343896283019288
transition 26 2 0 -2 0.05343896283019288
transition 27 1 27 0 0.9465610371698071
transition 27 2 27 0 0.9465610371698071
transition 27 1 0 -2 0.05343896283019288
transition 27 2 0 -2 0.05343896283019288
transition 28 1 28 0 0.8931220743396142
transition 28 2 28 0 0.8931220743396142
transition 28 1 0 -2 0.10687792566038576
transition 28 2 0 -2 0.10687792566038576
transition 28 3 0 -2 1
transition 26 3 0 -2 1
transition 27 3 0 -2 1
transition 26 4 14 0 0.9465610371698071
transition 26 4 26 -2 0.05343896283019288
transition 27 4 15 0 0.9465610371698071
transition 27 4 27 -2 0.05343896283019288
transition 28 4 16 0 0.8931220743396142
transition 28 4 28 -2 0.10687792566038576
transition 26 5 29 0 0.9465610371698071
transition 26 5 26 -2 0.05343896283019288
transition 27 5 30 0 0.9465610371698071
transition 27 5 27 -2 0.05343896283019288
transition 28 5 31 0 0.8931220743396142
transition 28 5 28 -2 0.10687792566038576
transition 26 6 38 0 0.9465610371698071
transition 26 6 26 -2 0.05343896283019288
transition 27 6 39 0 0.9465610371698071
transition 27 6 27 -2 0.05343896283019288
transition 28 6 40 0 0.8931220743396142
transition 28 6 28 -2 0.10687792566038576
transition 29 0 29 0 0.8784416327828929
transition 29 0 0 -2 0.1215583672171071
transition 30 0 30 0 0.8784416327828929
transition 30 0 0 -2 0.1215583672171071
transition 31 0 31 0 0.7568832655657858
transition 31 0 0 -2 0.2431167344342142
transition 29 1 29 0 0.8784416327828929
transition 29 2 29 0 0.8784416327828929
transition 29 1 0 -2 0.1215583672171071
transition 29 2 0 -2 0.1215583672171071
transition 30 1 30 0 0.8784416327828929
transition 30 2 30 0 0.8784416327828929
transition 30 1 0 -2 0.1215583672171071
transition 30 2 0 -2 0.1215583672171071
transition 31 1 31 0 0.7568832655657858
transition 31 2 31 0 0.7568832655657858
transition 31 1 0 -2 0.2431167344342142
transition 31 2 0 -2 0.2431167344342142
transition 29 3 26 5 0.8784416327828929
transition 29 3 0 3 0.1215583672171071
transition 30 3 1 5 0.8784416327828929
transition 30 3 0 3 0.1215583672171071
transition 31 3 26 5 0.7568832655657858
transition 31 3 0 3 0.2431167344342142
transition 29 4 17 0 0.8784416327828929
transition 29 4 29 -2 0.1215583672171071
transition 30 4 18 0 0.8784416327828929
transition 30 4 30 -2 0.1215583672171071
transition 31 4 19 0 0.7568832655657858
transition 31 4 31 -2 0.2431167344342142
transition 29 5 32 0 0.8784416327828929
transition 29 5 29 -2 0.1215583672171071
transition 30 5 33 0 0.8784416327828929
transition 30 5 30 -2 0.1215583672171071
transition 31 5 34 0 0.7568832655657858
transition 31 5 31 -2 0.2431167344342142
transition 29 6 41 0 0.8784416327828929
transition 29 6 29 -2 0.1215583672171071
transition 30 6 42 0 0.8784416327828929
transition 30 6 30 -2 0.1215583672171071
transition 31 6 43 0 0.7568832655657858
transition 31 6 31 -2 0.2431167344342142
transition 32 0 32 0 0.8160602794142788
transition 32 0 0 -2 0.18393972058572117
transition 33 0 33 0 0.8160602794142788
transition 33 0 0 -2 0.18393972058572117
transition 34 0 34 0 0.6321205588285577
transition 34 0 0 -2 0.36787944117144233
transition 32 1 32 0 0.8160602794142788
transition 32 2 32 0 0.8160602794142788
transition 32 1 0 -2 0.18393972058572117
transition 32 2 0 -2 0.18393972058572117
transition 33 1 33 0 0.8160602794142788
transition 33 2 33 0 0.8160602794142788
transition 33 1 0 -2 0.18393972058572117
transition 33 2 0 -2 0.18393972058572117
transition 34 1 34 0 0.6321205588285577
transition 34 2 34 0 0.6321205588285577
transition 34 1 0 -2 0.36787944117144233
transition 34 2 0 -2 0.36787944117144233
transition 32 3 29 0 0.8160602794142788
transition 32 3 32 -2 0.18393972058572117
transition 33 3 30 0 0.8160602794142788
transition 33 3 33 -2 0.18393972058572117
transition 34 3 31 0 0.6321205588285577
transition 34 3 34 -2 0.36787944117144233
transition 32 4 20 0 0.8160602794142788
transition 32 4 32 -2 0.18393972058572117
transition 33 4 21 0 0.8160602794142788
transition 33 4 33 -2 0.18393972058572117
transition 34 4 22 0 0.6321205588285577
transition 34 4 34 -2 0.36787944117144233
transition 32 5 35 0 0.8160602794142788
transition 32 5 32 -2 0.18393972058572117
transition 33 5 36 0 0.8160602794142788
transition 33 5 33 -2 0.18393972058572117
transition 34 5 37 0 0.6321205588285577
transition 34 5 34 -2 0.36787944117144233
transition 32 6 1 5 0.8160602794142788
transition 32 6 0 3 0.18393972058572117
transition 33 6 45 5 0.8160602794142788
transition 33 6 0 3 0.18393972058572117
transition 34 6 45 5 0.6321205588285577
transition 34 6 0 3 0.36787944117144233
transition 35 0 35 0 0.8784416327828929
transition 35 0 0 -2 0.1215583672171071
transition 36 0 36 0 0.8784416327828929
transition 36 0 0 -2 0.1215583672171071
transition 37 0 37 0 0.7568832655657858
transition 37 0 0 -2 0.2431167344342142
transition 35 1 35 0 0.8784416327828929
transition 35 2 35 0 0.8784416327828929
transition 35 1 0 -2 0.1215583672171071
transition 35 2 0 -2 0.1215583672171071
transition 36 1 36 0 0.8784416327828929
transition 36 2 36 0 0.8784416327828929
transition 36 1 0 -2 0.1215583672171071
transition 36 2 0 -2 0.1215583672171071
transition 37 1 37 0 0.7568832655657858
transition 37 2 37 0 0.7568832655657858
transition 37 1 0 -2 0.2431167344342142
transition 37 2 0 -2 0.2431167344342142
transition 35 3 32 0 0.8784416327828929
transition 35 3 35 -2 0.1215583672171071
transition 36 3 33 0 0.8784416327828929
transition 36 3 36 -2 0.1215583672171071
transition 37 3 34 0 0.7568832655657858
transition 37 3 37 -2 0.2431167344342142
transition 35 4 23 0 0.8784416327828929
transition 35 4 35 -2 0.1215583672171071
transition 36 4 24 0 0.8784416327828929
transition 36 4 36 -2 0.1215583672171071
transition 37 4 25 0 0.7568832655657858
transition 37 4 37 -2 0.2431167344342142
transition 37 5 0 -2 1
transition 35 5 0 -2 1
transition 36 5 0 -2 1
transition 35 6 47 0 0.8784416327828929
transition 35 6 35 -2 0.1215583672171071
transition 36 6 48 0 0.8784416327828929
transition 36 6 36 -2 0.1215583672171071
transition 37 6 49 0 0.7568832655657858
transition 37 6 37 -2 0.2431167344342142
transition 38 0 38 0 0.9323323583816936
transition 38 0 0 -2 0.06766764161830635
transition 39 0 39 0 0.9323323583816936
transition 39 0 0 -2 0.06766764161830635
transition 40 0 40 0 0.8646647167633873
transition 40 0 0 -2 0.1353352832366127
transition 38 1 38 0 0.9323323583816936
transition 38 2 38 0 0.9323323583816936
transition 38 1 0 -2 0.06766764161830635
transition 38 2 0 -2 0.06766764161830635
transition 39 1 39 0 0.9323323583816936
transition 39 2 39 0 0.9323323583816936
transition 39 1 0 -2 0.06766764161830635
transition 39 2 0 -2 0.06766764161830635
transition 40 1 40 0 0.8646647167633873
transition 40 2 40 0 0.8646647167633873
transition 40 1 0 -2 0.1353352832366127
transition 40 2 0 -2 0.1353352832366127
transition 40 3 0 -2 1
transition 38 3 0 -2 1
transition 39 3 0 -2 1
transition 38 4 26 5 0.9323323583816936
transition 38 4 0 3 0.06766764161830635
transition 39 4 1 5 0.9323323583816936
transition 39 4 0 3 0.06766764161830635
transition 40 4 26 5 0.8646647167633873
transition 40 4 0 3 0.1353352832366127
transition 38 5 41 0 0.9323323583816936
transition 38 5 38 -2 0.06766764161830635
transition 39 5 42 0 0.9323323583816936
transition 39 5 39 -2 0.06766764161830635
transition 40 5 43 0 0.8646647167633873
transition 40 5 40 -2 0.1353352832366127
transition 40 6 0 -2 1
transition 38 6 0 -2 1
transition 39 6 0 -2 1
transition 41 0 41 0 0.8160602794142788
transition 41 0 0 -2 0.18393972058572117
transition 42 0 42 0 0.8160602794142788
transition 42 0 0 -2 0.18393972058572117
transition 43 0 43 0 0.6321205588285577
transition 43 0 0 -2 0.36787944117144233
transition 41 1 41 0 0.8160602794142788
transition 41 2 41 0 0.8160602794142788
transition 41 1 0 -2 0.18393972058572117
transition 41 2 0 -2 0.18393972058572117
transition 42 1 42 0 0.8160602794142788
transition 42 2 42 0 0.8160602794142788
transition 42 1 0 -2 0.18393972058572117
transition 42 2 0 -2 0.18393972058572117
transition 43 1 43 0 0.6321205588285577
transition 43 2 43 0 0.6321205588285577
transition 43 1 0 -2 0.36787944117144233
transition 43 2 0 -2 0.36787944117144233
transition 41 3 38 0 0.8160602794142788
transition 41 3 41 -2 0.18393972058572117
transition 42 3 39 0 0.8160602794142788
transition 42 3 42 -2 0.18393972058572117
transition 43 3 40 0 0.6321205588285577
transition 43 3 43 -2 0.36787944117144233
transition 41 4 29 0 0.8160602794142788
transition 41 4 41 -2 0.18393972058572117
transition 42 4 30 0 0.8160602794142788
transition 42 4 42 -2 0.18393972058572117
transition 43 4 31 0 0.6321205588285577
transition 43 4 43 -2 0.36787944117144233
transition 41 5 1 5 0.8160602794142788
transition 41 5 0 3 0.18393972058572117
transition 42 5 45 5 0.8160602794142788
transition 42 5 0 3 0.18393972058572117
transition 43 5 45 5 0.6321205588285577
transition 43 5 0 3 0.36787944117144233
transition 43 6 0 -2 1
transition 41 6 0 -2 1
transition 42 6 0 -2 1
transition 44 0 44 0 0.5
transition 44 0 0 -2 0.5
transition 45 0 45 0 0.5
transition 45 0 0 -2 0.5
transition 46 0 0 -2 1.0
transition 44 1 44 0 0.5
transition 44 2 44 0 0.5
transition 44 1 0 -2 0.5
transition 44 2 0 -2 0.5
transition 45 1 45 0 0.5
transition 45 2 45 0 0.5
transition 45 1 0 -2 0.5
transition 45 2 0 -2 0.5
transition 46 1 0 -2 1.0
transition 46 2 0 -2 1.0
transition 44 3 41 0 0.5
transition 44 3 44 -2 0.5
transition 45 3 42 0 0.5
transition 45 3 45 -2 0.5
transition 46 3 46 -2 1.0
transition 44 4 32 0 0.5
transition 44 4 44 -2 0.5
transition 45 4 33 0 0.5
transition 45 4 45 -2 0.5
transition 46 4 46 -2 1.0
transition 44 5 47 0 0.5
transition 44 5 44 -2 0.5
transition 45 5 48 0 0.5
transition 45 5 45 -2 0.5
transition 46 5 46 -2 1.0
transition 46 6 0 -2 1
transition 44 6 0 -2 1
transition 45 6 0 -2 1
transition 47 0 47 0 0.8160602794142788
transition 47 0 0 -2 0.18393972058572117
transition 48 0 48 0 0.8160602794142788
transition 48 0 0 -2 0.18393972058572117
transition 49 0 49 0 0.6321205588285577
transition 49 0 0 -2 0.36787944117144233
transition 47 1 47 0 0.8160602794142788
transition 47 2 47 0 0.8160602794142788
transition 47 1 0 -2 0.18393972058572117
transition 47 2 0 -2 0.18393972058572117
transition 48 1 48 0 0.8160602794142788
transition 48 2 48 0 0.8160602794142788
transition 48 1 0 -2 0.18393972058572117
transition 48 2 0 -2 0.18393972058572117
transition 49 1 49 0 0.6321205588285577
transition 49 2 49 0 0.6321205588285577
transition 49 1 0 -2 0.36787944117144233
transition 49 2 0 -2 0.36787944117144233
transition 47 3 1 5 0.8160602794142788
transition 47 3 0 3 0.18393972058572117
transition 48 3 45 5 0.8160602794142788
transition 48 3 0 3 0.18393972058572117
transition 49 3 45 5 0.6321205588285577
transition 49 3 0 3 0.36787944117144233
transition 47 4 35 0 0.8160602794142788
transition 47 4 47 -2 0.18393972058572117
transition 48 4 36 0 0.8160602794142788
transition 48 4 48 -2 0.18393972058572117
transition 49 4 37 0 0.6321205588285577
transition 49 4 49 -2 0.36787944117144233
transition 49 5 0 -2 1
transition 47 5 0 -2 1
transition 48 5 0 -2 1
transition 49 6 0 -2 1
transition 47 6 0 -2 1
transition 48 6 0 -2 1
mdptype episodic
discount 1.0
