0.000000 0
0.000000 0
163.452980 6
16.042684 5
158.537580 6
163.409740 3
16.070231 5
158.449180 3
163.358680 3
16.113475 6
158.344380 3
163.315430 3
16.070231 3
158.255980 3
163.480530 6
15.990716 5
158.593440 6
163.367620 3
16.051621 5
158.354100 3
163.222460 3
16.164533 6
158.041070 3
163.202520 4
16.051621 3
158.016650 4
163.367620 4
16.051621 6
158.354100 4
163.090860 4
16.032932 5
157.711690 4
162.771660 4
16.309691 6
156.877110 4
162.925760 4
16.032932 3
157.374230 4
162.494900 5
16.164533 5
156.234700 5
162.640060 4
16.309691 5
156.547730 4
160.771660 4
14.309691 3
-2.000000 0
162.474960 4
16.309691 3
156.210280 4
