-1435.382000 0
0.000000 0
10.000000 0
10.000000 7
15.000000 0
0.000000 2
10.000000 7
0.000000 2
10.000000 24
10.000000 7
30.130109 30
30.000000 0
10.000000 0
40.000000 0
0.000000 2
10.000000 0
0.000000 2
12.770338 24
10.000000 0
30.735634 30
10.000000 12
10.000000 0
29.780808 12
0.000000 30
10.000000 0
20.000000 7
10.000000 24
10.000000 0
37.638264 24
10.000000 18
10.000000 0
35.523908 13
2.235425 12
10.000000 0
27.011338 12
0.000000 2
10.000000 0
0.000000 2
-9.888767 2
10.000000 0
20.415034 25
-9.845158 2
10.000000 0
20.000000 7
0.000000 2
10.000000 0
0.000000 2
10.000000 0
10.000000 0
20.000000 0
10.000000 0
0.000000 2
0.000000 2
0.000000 2
0.000000 2
0.000000 2
15.276334 24
0.000000 2
0.000000 2
50.000000 0
0.000000 2
0.000000 2
0.000000 2
0.000000 2
0.000000 2
10.000000 30
0.000000 2
0.000000 2
10.000000 12
0.000000 2
0.000000 2
10.000000 0
0.000000 2
0.000000 2
10.000000 24
0.000000 2
0.000000 2
10.000000 12
0.000000 2
-9.505039 2
7.234926 12
0.000000 2
0.000000 2
0.000000 2
0.000000 2
0.000000 2
0.000000 7
0.000000 2
0.000000 2
-11.268586 2
0.000000 2
0.000000 2
0.000000 2
0.000000 2
0.000000 2
10.000000 0
0.000000 2
0.000000 2
10.000000 0
26.609863 25
36.609863 7
0.000000 2
19.066788 25
0.000000 2
15.276334 30
19.330737 25
56.935691 25
65.276334 0
19.584966 31
75.276334 0
0.000000 2
10.000000 25
0.000000 2
4.475105 24
10.000000 25
34.361219 24
10.000000 18
10.000000 25
20.000000 18
0.000000 12
10.000000 31
-1.362000 31
10.000000 24
10.000000 25
20.000000 24
10.000000 12
10.000000 25
17.701021 25
4.475105 12
10.000000 25
14.437143 25
0.000000 2
10.000000 0
0.000000 2
0.000000 7
10.000000 0
30.272722 25
-12.794111 24
0.000000 12
10.284532 24
0.000000 2
-5.748584 12
0.000000 2
10.000000 0
-4.088695 2
20.000000 0
338.821430 0
9.500000 31
382.048680 30
335.582290 24
26.834114 13
391.297960 24
2116.546600 30
20.000000 13
2238.417900 30
2181.933400 0
39.584966 7
2309.051200 12
328.821430 24
10.000000 31
364.785240 24
2103.024900 24
10.000000 13
2192.739200 24
2116.546600 30
10.000000 13
2225.007500 18
2116.546600 0
21.742667 7
2217.816300 12
657.642850 24
10.000000 31
695.140490 24
2103.024900 0
10.000000 13
2165.139900 18
2103.024900 18
10.000000 13
2192.739200 18
335.582290 18
0.000000 13
381.958450 18
10.000000 0
10.000000 0
20.000000 0
657.642850 18
0.000000 12
695.140490 18
328.821430 18
0.000000 0
364.785240 18
338.821430 0
-2.603757 2
382.048680 12
10.000000 0
0.000000 2
0.000000 2
0.000000 2
0.000000 2
0.000000 2
10.000000 24
0.000000 2
0.000000 2
30.000000 0
0.000000 2
0.000000 2
0.000000 2
0.000000 2
0.000000 2
10.000000 24
0.000000 2
0.000000 2
10.000000 18
0.000000 2
0.000000 2
10.000000 0
0.000000 2
0.000000 2
10.000000 24
0.000000 2
0.000000 2
10.000000 18
0.000000 2
-10.668397 2
7.234926 18
0.000000 2
0.000000 2
0.000000 2
0.000000 2
0.000000 2
0.521650 7
0.000000 2
0.000000 2
0.189270 7
0.000000 2
0.000000 2
0.000000 2
0.000000 2
0.000000 2
10.000000 0
0.000000 2
0.000000 2
10.000000 0
21.086183 25
18.347945 31
0.000000 2
18.300046 31
0.000000 2
10.000000 24
11.086183 13
22.135525 31
40.000000 0
7.112269 31
61.370600 30
0.000000 2
18.300046 25
0.000000 2
7.236239 24
13.971989 13
23.599847 25
10.000000 18
6.748565 31
19.651757 25
10.000000 12
3.977003 31
22.493618 31
10.000000 24
12.282124 31
24.993365 31
10.000000 12
6.748565 25
10.928065 24
10.000000 12
4.597597 31
11.772728 18
0.000000 2
1.842787 12
0.000000 2
-0.078037 18
23.664805 25
61.929380 25
-0.514421 7
3.728727 12
12.085536 24
0.000000 2
3.045935 18
0.000000 2
10.000000 0
-5.958453 2
0.000000 2
10.000000 0
10.000000 25
20.000000 0
0.000000 2
10.000000 13
-47.187455 2
10.000000 24
10.000000 13
-21.367510 24
50.000000 0
10.000000 13
68.963959 30
0.000000 2
10.000000 19
-17.296879 2
3.977003 24
10.000000 13
7.806637 25
10.000000 24
10.000000 25
3.591348 24
10.000000 12
12.584929 19
22.244163 13
10.000000 24
10.000000 19
-8.825421 24
10.000000 12
10.000000 19
6.255763 25
4.946318 12
10.000000 19
16.564538 25
0.000000 2
10.000000 19
-14.866973 2
0.000000 18
25.534099 7
56.384856 25
-1.484021 25
5.534099 13
16.854699 13
0.000000 2
5.534099 12
0.000000 2
10.000000 0
0.000000 18
20.000000 0
10.000000 0
10.000000 0
20.000000 0
0.000000 2
10.000000 13
0.000000 2
10.000000 30
10.000000 13
20.000000 31
65.386780 0
0.000000 31
88.591924 12
0.000000 2
10.000000 19
0.000000 2
7.983466 30
10.000000 13
16.299291 19
13.521730 18
10.000000 13
20.650022 24
15.386780 12
21.742667 13
42.936185 12
10.000000 0
10.000000 19
20.000000 18
10.000000 12
10.000000 13
18.336705 18
8.481568 18
10.000000 13
35.543528 18
0.000000 2
1.574494 19
0.000000 2
0.000000 18
20.000000 7
40.000000 18
0.000000 18
0.000000 13
16.232155 18
0.000000 2
5.534099 18
0.000000 2
10.000000 0
0.500000 12
21.053992 12
10.000000 0
22.872169 31
32.872169 7
0.000000 2
10.000000 25
0.000000 2
10.000000 24
10.000000 25
10.000000 25
20.000000 0
10.000000 31
40.000000 31
0.000000 2
20.000000 31
0.000000 2
4.475105 18
10.000000 25
24.283718 25
10.000000 18
10.000000 25
13.596198 25
10.000000 18
10.000000 31
17.923704 31
10.000000 24
20.000000 7
37.721874 24
10.000000 18
10.000000 25
17.558471 13
4.475105 18
10.000000 25
12.459531 25
0.000000 2
10.000000 0
0.000000 2
10.500000 18
43.664805 7
92.260475 25
0.000000 18
10.000000 0
12.742376 18
0.000000 2
10.000000 0
0.000000 2
10.000000 0
0.000000 18
20.000000 0
10.000000 0
10.000000 1
21.053992 31
0.000000 2
10.000000 13
0.000000 2
10.000000 24
10.000000 13
0.000000 24
30.000000 0
10.000000 13
44.926653 30
0.000000 2
10.000000 19
0.000000 2
0.000000 24
10.000000 19
16.261253 19
10.000000 18
10.000000 13
5.705613 13
10.000000 12
10.000000 13
24.724945 18
10.000000 24
10.000000 19
20.000000 18
10.000000 12
10.000000 13
2.042404 12
7.733976 18
10.000000 13
13.708067 18
0.000000 2
10.000000 13
0.000000 2
0.000000 19
33.664805 19
80.756305 19
-2.482529 19
0.000000 13
8.467449 13
0.000000 2
7.856338 25
0.000000 2
10.000000 0
4.669563 12
21.053992 12
10.000000 0
-8.719740 2
0.000000 2
0.000000 2
-3.245125 2
0.000000 2
10.000000 24
-4.820211 12
7.103198 13
40.000000 0
-2.085558 2
46.674934 12
0.000000 2
-0.519013 0
0.000000 2
6.357528 24
0.000000 12
1.797754 13
10.000000 18
0.000000 13
5.433660 19
10.000000 12
2.770338 19
25.213332 12
10.000000 24
4.475105 14
12.302246 24
10.000000 24
2.675092 13
5.625591 12
10.500000 12
7.236239 13
16.260346 18
0.000000 2
10.000000 13
0.000000 2
-5.729361 18
24.408349 19
62.167167 19
-6.410450 19
4.475105 12
6.755763 18
0.000000 2
10.000000 19
0.000000 2
10.000000 0
9.126941 13
16.916757 13
10.000000 0
0.000000 2
0.000000 2
0.000000 2
0.000000 2
0.000000 2
10.000000 0
0.000000 2
0.000000 2
50.000000 0
0.000000 2
0.000000 2
0.000000 2
0.000000 2
0.000000 2
7.234926 30
0.000000 2
0.000000 2
10.000000 18
0.000000 2
-18.206071 2
15.386780 18
0.000000 2
0.000000 2
10.000000 0
0.000000 2
0.000000 2
10.000000 12
0.000000 2
-7.295758 2
14.021730 12
0.000000 2
0.000000 2
0.000000 2
0.000000 2
0.000000 2
0.000000 18
0.000000 2
0.000000 2
-6.410450 18
0.000000 2
0.000000 2
0.000000 2
0.000000 2
0.000000 2
10.000000 0
0.000000 2
0.000000 2
10.000000 0
10.000000 0
21.053992 24
0.000000 2
10.000000 0
0.000000 2
-10.669263 24
10.000000 0
20.669263 24
10.000000 0
10.000000 0
20.000000 0
0.000000 2
30.000000 7
0.000000 2
0.000000 19
20.000000 7
101.078830 31
0.000000 25
20.000000 7
90.160915 12
6.700659 18
20.000000 7
38.904477 19
-0.500000 18
50.000000 7
125.553910 25
0.000000 19
34.287325 7
121.382890 31
0.000000 19
32.143662 25
101.078830 13
0.000000 2
30.000000 7
0.000000 2
10.000000 0
95.808468 7
213.491820 19
-0.832727 19
52.143662 7
129.451270 19
0.000000 2
42.143662 7
0.000000 2
10.000000 0
30.000000 7
40.000000 7
10.000000 0
0.000000 0
20.000000 0
0.000000 2
-1.178171 13
0.000000 2
0.000000 24
-13.464468 13
0.000000 13
10.000000 0
-12.490614 2
20.415034 12
0.000000 2
0.000000 18
0.000000 2
-3.624786 2
0.000000 13
13.051554 19
0.000000 18
0.000000 13
-5.648613 13
10.000000 18
0.000000 13
20.002426 18
1.293735 18
10.000000 0
8.565466 18
0.000000 19
2.143662 13
-9.162835 13
2.639650 19
2.143662 13
6.205613 19
0.000000 2
10.000000 13
0.000000 2
-1.609723 19
43.664805 7
88.256921 19
-1.609723 25
10.000000 25
2.542404 13
0.000000 2
10.500000 13
0.000000 2
10.000000 0
10.500000 13
22.489063 19
10.000000 0
0.000000 2
0.000000 2
0.000000 2
0.000000 2
0.000000 2
4.723666 24
0.000000 2
0.000000 2
14.723666 0
0.000000 2
0.000000 2
0.000000 2
-4.475105 2
0.000000 2
-0.880383 19
0.000000 2
-3.329799 2
0.000000 18
0.000000 2
-13.916592 2
10.000000 18
0.000000 2
0.000000 2
0.669263 18
0.000000 2
0.000000 2
0.000000 24
0.000000 2
0.000000 2
7.733976 18
0.000000 2
0.000000 2
0.000000 2
0.000000 2
0.000000 2
0.000000 25
0.000000 2
0.000000 2
0.669263 7
0.000000 2
0.000000 2
0.000000 2
0.000000 2
0.000000 2
10.000000 0
0.000000 2
0.000000 2
10.000000 0
10.000000 0
20.000000 0
0.000000 2
10.000000 0
0.000000 2
0.000000 7
10.000000 0
20.000000 7
14.723666 0
10.000000 0
30.000000 13
0.000000 2
10.000000 0
0.000000 2
0.000000 19
10.000000 0
19.278742 25
2.026124 30
10.000000 0
25.977364 24
2.026124 18
10.000000 0
27.877523 13
0.000000 18
10.000000 0
20.000000 7
4.475105 24
10.000000 0
23.294812 31
10.500000 18
10.000000 0
22.267090 18
0.000000 2
10.000000 0
0.000000 2
0.000000 7
10.000000 0
20.415034 19
0.000000 7
10.000000 0
23.743565 19
0.000000 2
10.000000 0
0.000000 2
10.000000 0
10.000000 0
20.000000 0
