0.000000 0
0.000000 0
2.613133 7
2.385726 0
3.580820 0
2.486670 25
2.148793 0
3.073163 2
2.353756 25
1.957614 30
2.693583 30
2.486670 25
1.886510 30
2.786432 31
2.415908 31
2.424844 5
3.481337 29
2.068139 9
1.822947 30
2.322448 30
1.886510 11
2.148793 0
2.340435 5
2.068139 9
1.920962 2
2.562958 31
2.031206 25
-2.000000 0
-2.000000 0
1.402052 10
2.424844 2
2.409350 26
2.424844 5
2.385726 0
3.238980 5
1.402052 8
2.098104 2
1.799394 2
1.886510 10
2.424844 3
3.037249 27
2.424844 4
1.822947 30
2.561777 4
-2.000000 0
2.148793 0
-2.000000 0
2.424844 2
1.920962 2
3.211382 2
2.486670 10
2.148793 0
3.073163 12
2.582658 7
2.447827 0
3.279922 0
2.455175 25
2.216070 2
2.871108 2
2.582658 7
2.031206 2
2.587536 2
2.321582 9
2.424844 5
3.619177 35
2.216070 31
1.657016 30
2.065995 2
1.945374 9
2.447827 0
2.456559 5
2.216070 31
2.216070 2
2.159126 1
2.216070 31
-2.000000 0
-2.000000 0
1.431594 10
2.424844 2
2.520232 32
2.424844 5
2.148793 0
3.313010 5
1.431594 8
2.040662 24
1.994180 5
1.920962 31
2.424844 3
3.163921 33
2.424844 4
1.657016 30
2.650737 4
-2.000000 0
2.447827 0
-2.000000 0
2.424844 2
2.216070 2
3.487869 2
2.353756 10
1.957614 5
2.693583 5
2.455175 10
2.216070 12
2.871108 12
2.567500 7
2.548407 0
2.741954 0
2.455175 8
2.415908 2
2.749268 25
2.394478 7
2.424844 5
3.481337 17
2.092173 9
1.464293 2
1.861673 2
2.098104 31
2.216070 12
2.182332 5
2.092173 9
2.321582 24
2.536586 25
2.040662 9
-2.000000 0
-2.000000 0
1.478138 31
2.424844 2
2.409350 14
2.424844 5
1.957614 2
3.163921 17
1.478138 31
2.394478 0
2.161868 5
2.098104 31
2.424844 3
3.037249 15
2.424844 4
1.464293 2
2.520232 16
-2.000000 0
2.216070 12
-2.000000 0
2.424844 2
2.321582 24
3.619177 14
2.486670 10
1.886510 5
2.786432 11
2.582658 7
2.031206 12
2.587536 12
2.455175 13
2.415908 12
2.749268 10
2.582658 7
2.613133 0
3.121977 7
2.321582 9
2.424844 5
3.619177 35
2.216070 31
1.402052 2
1.907398 8
1.945374 9
2.068139 4
2.015849 11
2.216070 31
2.486670 30
2.909339 31
2.216070 31
-2.000000 0
-2.000000 0
1.431594 10
2.424844 2
2.520232 32
2.424844 5
1.886510 2
3.037249 17
1.431594 8
2.353756 30
2.131430 11
1.920962 31
2.424844 3
3.163921 33
2.424844 4
1.402052 2
2.409350 16
-2.000000 0
2.068139 4
-2.000000 0
2.424844 2
2.486670 30
3.579072 14
2.415908 11
2.424844 30
3.481337 34
2.321582 19
2.424844 30
3.619177 35
2.394478 7
2.424844 30
3.481337 32
2.321582 19
2.424844 30
3.619177 35
2.548407 7
2.661681 5
3.925434 29
2.216070 25
2.424844 30
3.487869 31
1.957614 11
2.424844 30
3.211382 31
2.216070 25
2.424844 30
3.487869 31
2.216070 25
-2.000000 0
-2.000000 0
1.464293 10
2.661681 2
2.773226 31
2.424844 5
2.424844 30
2.794917 35
1.464293 8
2.424844 30
2.530722 31
1.957614 10
2.661681 3
3.490318 31
2.424844 4
2.424844 30
2.794917 34
-2.000000 0
2.424844 30
-2.000000 0
2.424844 2
2.424844 30
2.794917 32
2.068139 19
1.822947 5
2.322448 5
2.216070 11
1.657016 5
2.065995 12
2.092173 19
1.464293 12
1.861673 12
2.216070 11
1.402052 12
1.907398 13
2.216070 10
2.424844 5
3.487869 11
2.447827 7
2.135195 0
2.619894 0
2.148793 7
1.657016 2
1.791653 2
2.447827 7
1.431594 12
2.006951 13
2.447827 7
-2.000000 0
-2.000000 0
1.657016 31
2.424844 2
2.650737 8
2.424844 5
1.822947 2
2.530722 5
1.657016 31
1.478138 2
1.315505 31
2.148793 7
2.424844 3
3.313010 9
2.424844 4
2.135195 0
2.619174 4
-2.000000 0
1.657016 2
-2.000000 0
2.424844 2
1.431594 12
2.530722 2
1.886510 31
2.148793 0
2.340435 30
1.945374 19
2.447827 0
2.456559 30
2.098104 11
2.216070 2
2.182332 30
1.945374 19
2.068139 24
2.015849 31
1.957614 31
2.424844 5
3.211382 11
2.148793 7
1.657016 12
1.791653 12
2.385726 7
2.447827 0
2.542194 11
2.148793 7
2.216070 2
2.432559 25
2.148793 7
-2.000000 0
-2.000000 0
1.822947 31
2.424844 2
2.561777 8
2.424844 5
2.148793 0
3.313010 5
1.822947 31
2.092173 24
2.078342 31
2.385726 7
2.424844 3
3.238980 9
2.424844 4
1.657016 12
2.650737 4
-2.000000 0
2.447827 0
-2.000000 0
2.424844 2
2.216070 2
3.487869 2
2.068139 19
1.920962 12
2.562958 11
2.216070 11
2.216070 12
2.159126 6
2.092173 19
2.321582 4
2.536586 10
2.216070 11
2.486670 5
2.909339 11
2.216070 10
2.424844 5
3.487869 11
2.447827 7
1.431594 2
2.006951 8
2.148793 7
2.216070 12
2.432559 10
2.447827 7
2.582658 0
3.279922 7
2.447827 7
-2.000000 0
-2.000000 0
1.657016 31
2.424844 2
2.650737 8
2.424844 5
1.945374 4
3.163921 17
1.657016 31
2.455175 30
2.488546 31
2.148793 7
2.424844 3
3.313010 9
2.424844 4
1.431594 2
2.520232 16
-2.000000 0
2.216070 12
-2.000000 0
2.424844 2
2.582658 0
3.722044 14
2.031206 10
-2.000000 0
-2.000000 0
2.216070 11
-2.000000 0
-2.000000 0
2.040662 19
-2.000000 0
-2.000000 0
2.216070 11
-2.000000 0
-2.000000 0
2.216070 10
-2.000000 0
-2.000000 0
2.447827 7
-2.000000 0
-2.000000 0
2.148793 7
-2.000000 0
-2.000000 0
2.447827 7
-2.000000 0
-2.000000 0
2.447827 7
-0.250000 0
0.177360 1
1.657016 25
-2.000000 0
-2.000000 0
2.424844 5
-2.000000 0
-2.000000 0
1.657016 25
-2.000000 0
-2.000000 0
2.148793 7
-2.000000 0
-2.000000 0
2.424844 4
-2.000000 0
-2.000000 0
-2.000000 0
-2.000000 0
-2.000000 0
2.424844 2
-2.000000 0
-2.000000 0
1.402052 25
2.424844 12
2.409350 16
1.431594 25
2.424844 12
2.520232 17
1.478138 11
2.424844 12
2.409350 14
1.431594 25
2.424844 12
2.520232 17
1.464293 25
2.661681 5
2.773226 11
1.657016 11
2.424844 12
2.650737 13
1.822947 11
2.424844 12
2.561777 13
1.657016 11
2.424844 12
2.650737 13
1.657016 10
-2.000000 0
-2.000000 0
2.135195 7
2.661681 2
2.866412 8
2.424844 5
2.424844 12
2.794917 17
2.135195 7
2.424844 12
2.619174 13
1.822947 10
2.661681 3
2.805944 13
2.424844 4
2.424844 12
2.794917 16
-2.000000 0
2.424844 12
-2.000000 0
2.424844 2
2.424844 12
2.794917 14
2.424844 30
2.385726 0
3.238980 30
2.424844 30
2.148793 0
3.313010 30
2.424844 30
1.957614 12
3.163921 32
2.424844 30
1.886510 12
3.037249 32
2.424844 30
2.424844 5
2.794917 35
2.424844 30
1.822947 12
2.530722 30
2.424844 30
2.148793 0
3.313010 30
2.424844 30
1.945374 24
3.163921 32
2.424844 30
-2.000000 0
-2.000000 0
2.424844 30
2.424844 2
2.794917 32
2.661681 5
2.385726 0
3.519392 5
2.424844 30
2.098104 2
3.048659 30
2.424844 30
2.424844 3
2.794917 33
2.661681 4
1.822947 12
2.805944 4
-2.000000 0
2.148793 0
-2.000000 0
2.661681 2
1.945374 24
3.490318 2
1.402052 13
2.098104 12
1.799394 12
1.431594 13
2.040662 4
1.994180 30
1.478138 11
2.394478 0
2.161868 30
1.431594 13
2.353756 5
2.131430 31
1.464293 13
2.424844 5
2.530722 11
1.657016 11
1.478138 12
1.315505 11
1.822947 11
2.092173 4
2.078342 11
1.657016 11
2.455175 5
2.488546 11
1.657016 10
-2.000000 0
-2.000000 0
2.135195 7
2.424844 2
2.619174 8
2.424844 5
2.098104 12
3.048659 5
2.135195 7
2.567500 0
3.172534 7
1.822947 10
2.424844 3
2.530722 9
2.424844 4
1.478138 12
2.419338 4
-2.000000 0
2.092173 4
-2.000000 0
2.424844 2
2.455175 3
3.548163 2
1.886510 25
2.424844 18
3.037249 22
1.920962 11
2.424844 18
3.163921 23
2.098104 11
2.424844 18
3.037249 20
1.920962 11
2.424844 18
3.163921 23
1.957614 25
2.661681 5
3.490318 11
2.148793 7
2.424844 18
3.313010 19
2.385726 7
2.424844 18
3.238980 19
2.148793 7
2.424844 18
3.313010 19
2.148793 7
-2.000000 0
-2.000000 0
1.822947 25
2.661681 2
2.805944 8
2.424844 5
2.424844 18
2.794917 23
1.822947 25
2.424844 18
2.530722 19
2.385726 7
2.661681 3
3.519392 9
2.424844 4
2.424844 18
2.794917 22
-2.000000 0
2.424844 18
-2.000000 0
2.424844 2
2.424844 18
2.794917 20
2.424844 24
1.822947 5
2.561777 24
2.424844 24
1.657016 5
2.650737 24
2.424844 24
1.464293 12
2.520232 26
2.424844 24
1.402052 12
2.409350 26
2.424844 24
2.424844 5
2.794917 29
2.424844 24
2.135195 0
2.619174 24
2.424844 24
1.657016 2
2.650737 24
2.424844 24
1.431594 12
2.520232 26
2.424844 24
-2.000000 0
-2.000000 0
2.424844 24
2.424844 2
2.794917 26
2.661681 5
1.822947 2
2.805944 24
2.424844 24
1.478138 2
2.419338 24
2.424844 24
2.424844 3
2.794917 27
2.661681 4
2.135195 0
2.866412 4
-2.000000 0
1.657016 2
-2.000000 0
2.661681 2
1.431594 12
2.773226 2
-2.000000 0
2.148793 0
-2.000000 0
-2.000000 0
2.447827 0
-2.000000 0
-2.000000 0
2.216070 2
-2.000000 0
-2.000000 0
2.068139 24
-2.000000 0
-2.000000 0
2.424844 5
-2.000000 0
-2.000000 0
1.657016 12
-2.000000 0
-2.000000 0
2.447827 0
-2.000000 0
-2.000000 0
2.216070 2
-2.000000 0
-2.000000 0
-2.000000 0
-2.000000 0
-2.000000 0
2.424844 2
-2.000000 0
-2.000000 0
2.148793 0
-2.000000 0
-2.000000 0
2.092173 24
-2.000000 0
-2.000000 0
2.424844 3
-2.000000 0
-2.000000 0
1.657016 12
-2.000000 0
-0.250000 1
2.447827 0
0.177360 1
-2.000000 0
2.216070 2
-2.000000 0
2.424844 12
1.920962 12
3.211382 12
2.424844 12
2.216070 12
3.487869 12
2.424844 12
2.321582 4
3.619177 14
2.424844 12
2.486670 5
3.579072 14
2.424844 12
2.424844 5
2.794917 17
2.424844 12
1.431594 2
2.530722 12
2.424844 12
2.216070 12
3.487869 12
2.424844 12
2.582658 0
3.722044 14
2.424844 12
-2.000000 0
-2.000000 0
2.424844 12
2.424844 2
2.794917 14
2.661681 5
1.945374 4
3.490318 12
2.424844 12
2.455175 18
3.548163 12
2.424844 12
2.424844 3
2.794917 15
2.661681 4
1.431594 2
2.773226 12
-2.000000 0
2.216070 12
-2.000000 0
2.661681 2
2.582658 0
4.028312 14
