0.000000 0
0.000000 0
4.687500 8
3.937500 8
9.000000 8
4.312500 12
9.375000 24
9.000000 8
14.062500 8
4.687500 0
3.937500 0
9.000000 0
4.312500 4
9.375000 24
9.000000 0
14.062500 0
4.687500 0
3.937500 0
9.000000 0
4.312500 4
9.375000 28
9.000000 0
14.062500 0
4.687500 0
3.937500 0
9.000000 0
4.312500 4
9.375000 36
9.000000 0
14.062500 0
4.687500 8
4.312500 40
9.375000 40
4.687500 24
9.750000 24
9.375000 44
14.437500 44
4.687500 0
4.312500 24
9.375000 24
4.687500 32
9.750000 32
9.375000 28
14.437500 28
4.687500 0
4.312500 24
9.375000 24
4.312500 0
9.375000 0
9.375000 28
14.437500 36
4.687500 0
4.312500 24
9.375000 24
4.312500 4
9.375000 4
9.375000 28
14.062500 0
4.687500 8
4.312500 8
9.375000 8
4.312500 8
9.375000 8
9.375000 12
14.437500 12
4.687500 0
4.687500 40
9.750000 40
4.687500 0
9.750000 0
9.375000 12
14.437500 44
4.687500 0
4.687500 24
9.750000 24
4.312500 0
9.375000 0
9.375000 4
14.437500 4
4.687500 0
4.687500 32
9.750000 32
4.312500 4
9.375000 4
9.375000 4
14.437500 36
4.687500 8
4.312500 8
9.375000 8
4.687500 16
9.750000 16
9.375000 12
14.437500 60
4.687500 0
4.687500 8
9.750000 8
4.687500 48
9.750000 48
9.375000 12
14.437500 12
4.687500 0
4.312500 0
9.375000 0
4.312500 0
9.375000 0
9.375000 4
14.437500 52
4.687500 0
4.687500 0
9.750000 0
4.312500 4
9.375000 4
9.375000 4
14.437500 4
4.312500 12
4.312500 9
9.375000 25
4.687500 9
9.375000 25
9.375000 9
14.437500 25
4.312500 4
4.312500 1
9.375000 25
4.687500 1
9.375000 25
9.375000 1
14.437500 25
4.312500 4
4.312500 1
9.375000 25
4.687500 1
9.375000 25
9.375000 1
14.437500 25
4.312500 4
4.312500 1
9.375000 33
4.687500 1
9.375000 33
9.375000 1
14.437500 33
4.687500 40
4.312500 9
9.375000 9
4.687500 9
9.750000 41
9.375000 9
14.437500 9
4.687500 24
4.312500 1
9.375000 1
4.687500 1
9.750000 25
9.375000 1
14.437500 1
4.687500 32
4.312500 1
9.375000 1
4.687500 1
9.750000 33
9.375000 1
14.437500 1
4.312500 0
4.312500 1
9.375000 1
4.687500 1
9.375000 1
9.375000 1
14.437500 1
4.687500 8
4.312500 8
9.375000 8
4.687500 9
9.750000 9
9.375000 9
14.437500 9
4.312500 0
4.687500 40
9.375000 1
4.687500 0
9.375000 0
9.750000 41
14.437500 1
4.687500 0
4.687500 24
9.375000 0
4.687500 1
9.750000 1
9.750000 25
14.437500 1
4.312500 0
4.687500 32
9.375000 1
4.687500 1
9.375000 1
9.750000 33
14.437500 1
4.687500 56
4.312500 8
9.375000 9
4.687500 9
9.750000 57
9.375000 9
14.437500 9
4.687500 16
4.687500 8
9.375000 1
4.687500 1
9.750000 17
9.750000 9
14.437500 1
4.687500 48
4.312500 0
9.375000 1
4.687500 1
9.750000 49
9.375000 1
14.437500 1
4.312500 0
4.687500 0
9.375000 0
4.687500 1
9.375000 1
9.750000 1
14.437500 1
4.687500 9
3.937500 8
9.000000 8
4.312500 24
9.375000 25
9.000000 8
14.062500 9
4.687500 1
3.937500 0
9.000000 0
4.312500 24
9.375000 25
9.000000 0
14.062500 1
4.687500 1
3.937500 0
9.000000 0
4.312500 32
9.375000 33
9.000000 0
14.062500 1
4.687500 1
3.937500 0
9.000000 0
3.937500 0
9.000000 0
9.000000 0
14.062500 1
4.687500 9
4.312500 40
9.375000 40
4.687500 24
9.750000 25
9.000000 8
14.062500 8
4.687500 1
4.312500 24
9.375000 24
4.687500 32
9.750000 33
9.000000 0
14.062500 0
4.687500 1
4.312500 24
9.375000 25
4.312500 0
9.375000 1
9.000000 0
14.062500 0
4.687500 1
4.312500 24
9.375000 25
3.937500 0
9.000000 0
9.000000 0
14.062500 0
4.687500 8
4.312500 8
9.375000 8
4.312500 8
9.375000 8
9.000000 8
14.062500 8
4.687500 1
4.687500 40
9.750000 41
4.687500 0
9.750000 1
9.000000 0
14.062500 0
4.687500 0
4.687500 24
9.750000 25
4.312500 0
9.375000 0
9.000000 0
14.062500 0
4.687500 1
4.687500 32
9.750000 33
3.937500 0
9.000000 0
9.000000 0
14.062500 0
4.687500 9
4.312500 8
9.375000 9
4.687500 16
9.750000 17
9.000000 8
14.062500 8
4.687500 1
4.687500 8
9.750000 9
4.687500 48
9.750000 49
9.000000 0
14.062500 0
4.687500 1
4.312500 0
9.375000 1
4.312500 0
9.375000 1
9.000000 0
14.062500 0
4.687500 1
4.687500 0
9.750000 1
3.937500 0
9.000000 0
9.000000 0
14.062500 0
4.312500 25
4.312500 14
9.375000 30
4.312500 25
9.000000 9
9.375000 30
14.062500 14
4.312500 25
4.312500 6
9.375000 30
4.312500 25
9.000000 1
9.375000 30
14.062500 6
4.312500 25
4.312500 6
9.375000 30
4.312500 33
9.000000 1
9.375000 38
14.062500 6
4.312500 33
4.312500 6
9.375000 38
3.937500 1
9.000000 1
9.000000 6
14.062500 6
4.687500 41
4.312500 14
9.375000 14
4.687500 25
9.375000 25
9.375000 14
14.437500 30
4.687500 25
4.312500 6
9.375000 6
4.687500 33
9.375000 25
9.375000 6
14.437500 30
4.687500 33
4.312500 6
9.375000 6
4.312500 1
9.375000 33
9.375000 6
14.437500 38
4.312500 1
4.312500 6
9.375000 6
3.937500 1
9.000000 1
9.000000 1
14.062500 1
4.687500 9
4.312500 9
9.375000 9
4.312500 9
9.375000 9
9.375000 14
14.437500 14
4.312500 1
4.687500 41
9.375000 6
4.687500 1
9.375000 1
9.375000 6
14.437500 6
4.687500 1
4.687500 25
9.375000 1
4.312500 1
9.375000 1
9.375000 6
14.437500 6
4.312500 1
4.687500 33
9.375000 6
3.937500 1
9.000000 1
9.000000 1
14.062500 1
4.687500 57
4.312500 9
9.375000 14
4.687500 17
9.375000 17
9.375000 14
14.437500 22
4.687500 17
4.687500 9
9.375000 6
4.687500 49
9.375000 17
9.375000 6
14.437500 22
4.687500 49
4.312500 1
9.375000 6
4.312500 1
9.375000 49
9.375000 6
14.437500 54
4.312500 1
4.687500 1
9.375000 1
3.937500 1
9.000000 1
9.000000 1
14.062500 1
4.312500 13
3.937500 24
9.000000 24
4.312500 24
9.375000 29
9.000000 24
14.062500 24
4.312500 5
3.937500 24
9.000000 24
4.312500 24
9.375000 29
9.000000 24
14.062500 24
4.312500 5
3.937500 24
9.000000 24
4.312500 32
9.375000 37
9.000000 24
14.062500 24
4.312500 5
3.937500 24
9.000000 29
3.937500 0
9.000000 0
9.000000 24
14.062500 32
4.687500 40
4.312500 40
9.375000 40
4.687500 24
9.375000 13
9.000000 8
14.062500 8
4.687500 24
4.312500 24
9.375000 24
4.687500 32
9.375000 5
9.000000 0
14.062500 0
4.687500 32
4.312500 24
9.375000 29
4.312500 0
9.375000 5
9.000000 0
14.062500 0
4.312500 0
4.312500 24
9.375000 29
3.937500 0
9.000000 0
9.000000 0
14.062500 0
4.687500 8
4.312500 8
9.375000 8
4.312500 8
9.375000 8
9.000000 8
14.062500 8
4.312500 0
4.687500 40
9.375000 13
4.687500 0
9.375000 0
9.000000 0
14.062500 0
4.687500 0
4.687500 24
9.375000 0
4.312500 0
9.375000 0
9.000000 0
14.062500 0
4.312500 0
4.687500 32
9.375000 5
3.937500 0
9.000000 0
9.000000 0
14.062500 0
4.687500 56
4.312500 8
9.375000 13
4.687500 16
9.375000 13
9.000000 8
14.062500 8
4.687500 16
4.687500 8
9.375000 8
4.687500 48
9.375000 5
9.000000 0
14.062500 0
4.687500 48
4.312500 0
9.375000 5
4.312500 0
9.375000 5
9.000000 0
14.062500 0
4.312500 0
4.687500 0
9.375000 0
3.937500 0
9.000000 0
9.000000 0
14.062500 0
4.312500 24
4.687500 8
9.375000 24
4.312500 8
9.375000 24
9.375000 8
14.437500 24
4.312500 24
4.687500 0
9.375000 24
4.312500 0
9.375000 24
9.375000 0
14.437500 24
4.312500 24
4.687500 0
9.375000 24
4.312500 0
9.375000 24
9.375000 0
14.437500 24
4.312500 32
4.687500 0
9.375000 32
4.312500 0
9.375000 32
9.375000 0
14.437500 32
4.687500 40
4.687500 8
9.750000 40
4.687500 24
9.375000 8
9.750000 24
14.437500 8
4.687500 24
4.687500 0
9.750000 24
4.687500 32
9.375000 0
9.750000 32
14.437500 0
4.687500 32
4.687500 0
9.750000 32
4.312500 0
9.375000 0
9.375000 0
14.437500 0
4.312500 0
4.687500 0
9.375000 0
4.312500 0
9.375000 0
9.375000 0
14.437500 0
4.687500 8
4.687500 8
9.750000 8
4.312500 8
9.375000 8
9.375000 8
14.437500 8
4.312500 0
4.687500 0
9.375000 0
4.687500 0
9.375000 0
9.750000 0
14.437500 0
4.687500 0
4.687500 0
9.750000 0
4.312500 0
9.375000 0
9.375000 0
14.437500 0
4.312500 0
4.687500 0
9.375000 0
4.312500 0
9.375000 0
9.375000 0
14.437500 0
4.687500 56
4.687500 8
9.750000 56
4.687500 16
9.375000 8
9.750000 16
14.437500 8
4.687500 16
4.687500 0
9.750000 16
4.687500 48
9.375000 0
9.750000 48
14.437500 0
4.687500 48
4.687500 0
9.750000 48
4.312500 0
9.375000 0
9.375000 0
14.437500 0
4.312500 0
4.687500 0
9.375000 0
4.312500 0
9.375000 0
9.375000 0
14.437500 0
4.312500 8
4.312500 14
9.375000 30
4.687500 14
9.375000 24
9.375000 14
14.437500 30
4.312500 0
4.312500 6
9.375000 30
4.687500 6
9.375000 24
9.375000 6
14.437500 30
4.312500 0
4.312500 6
9.375000 30
4.687500 6
9.375000 30
9.375000 6
14.437500 30
4.312500 0
4.312500 6
9.375000 38
4.687500 6
9.375000 38
9.375000 6
14.437500 38
4.687500 40
4.312500 14
9.375000 14
4.687500 14
9.750000 46
9.375000 14
14.437500 14
4.687500 24
4.312500 6
9.375000 6
4.687500 6
9.750000 30
9.375000 6
14.437500 6
4.687500 32
4.312500 6
9.375000 6
4.687500 6
9.750000 38
9.375000 6
14.437500 6
4.312500 0
4.312500 6
9.375000 6
4.687500 6
9.375000 6
9.375000 6
14.437500 6
4.687500 8
4.312500 8
9.375000 8
4.687500 14
9.750000 14
9.375000 14
14.437500 14
4.312500 0
4.687500 40
9.375000 6
4.687500 0
9.375000 0
9.750000 46
14.437500 6
4.687500 0
4.687500 24
9.375000 0
4.687500 6
9.750000 6
9.750000 30
14.437500 6
4.312500 0
4.687500 32
9.375000 0
4.687500 6
9.375000 6
9.750000 38
14.437500 6
4.687500 56
4.312500 8
9.375000 8
4.687500 14
9.750000 62
9.375000 14
14.437500 14
4.687500 16
4.687500 8
9.375000 6
4.687500 6
9.750000 22
9.750000 14
14.437500 6
4.687500 48
4.312500 0
9.375000 0
4.687500 6
9.750000 54
9.375000 6
14.437500 6
4.312500 0
4.687500 0
9.375000 0
4.687500 6
9.375000 6
9.750000 6
14.437500 6
4.687500 14
4.687500 9
9.375000 25
4.312500 9
9.375000 25
9.375000 9
14.437500 25
4.687500 6
4.687500 1
9.375000 25
4.312500 1
9.375000 25
9.375000 1
14.437500 25
4.687500 6
4.687500 1
9.375000 25
4.312500 1
9.375000 25
9.375000 1
14.437500 25
4.687500 6
4.687500 1
9.375000 33
4.312500 1
9.375000 33
9.375000 1
14.437500 33
4.687500 14
4.687500 9
9.750000 41
4.687500 25
9.750000 30
9.750000 25
14.437500 9
4.687500 6
4.687500 1
9.750000 25
4.687500 33
9.750000 38
9.750000 33
14.437500 1
4.687500 6
4.687500 1
9.750000 33
4.312500 1
9.375000 1
9.375000 1
14.437500 1
4.687500 6
4.687500 1
9.375000 1
4.312500 1
9.375000 1
9.375000 1
14.437500 1
4.687500 9
4.687500 9
9.750000 9
4.312500 9
9.375000 9
9.375000 9
14.437500 9
4.687500 6
4.687500 1
9.750000 46
4.687500 1
9.750000 6
9.750000 1
14.437500 1
4.687500 1
4.687500 1
9.750000 1
4.312500 1
9.375000 1
9.375000 1
14.437500 1
4.687500 6
4.687500 1
9.750000 38
4.312500 1
9.375000 1
9.375000 1
14.437500 1
4.687500 14
4.687500 9
9.750000 57
4.687500 17
9.750000 22
9.750000 17
14.437500 9
4.687500 6
4.687500 1
9.750000 14
4.687500 49
9.750000 54
9.750000 49
14.437500 1
4.687500 6
4.687500 1
9.750000 49
4.312500 1
9.375000 1
9.375000 1
14.437500 1
4.687500 6
4.687500 1
9.750000 6
4.312500 1
9.375000 1
9.375000 1
14.437500 1
4.312500 26
4.687500 12
9.375000 28
4.312500 10
9.375000 26
9.375000 12
14.437500 28
4.312500 26
4.687500 4
9.375000 28
4.312500 2
9.375000 26
9.375000 4
14.437500 28
4.312500 26
4.687500 4
9.375000 28
4.312500 2
9.375000 26
9.375000 4
14.437500 28
4.312500 34
4.687500 4
9.375000 36
4.312500 2
9.375000 34
9.375000 4
14.437500 36
4.687500 42
4.687500 12
9.750000 44
4.687500 26
9.375000 10
9.750000 28
14.437500 12
4.687500 26
4.687500 4
9.750000 28
4.687500 34
9.375000 2
9.750000 36
14.437500 4
4.687500 34
4.687500 4
9.750000 36
4.312500 2
9.375000 2
9.375000 4
14.437500 4
4.312500 2
4.687500 4
9.375000 4
4.312500 2
9.375000 2
9.375000 4
14.437500 4
4.687500 10
4.687500 12
9.750000 12
4.312500 10
9.375000 10
9.375000 10
14.437500 10
4.312500 2
4.687500 4
9.375000 4
4.687500 2
9.375000 2
9.750000 4
14.437500 4
4.687500 2
4.687500 4
9.750000 4
4.312500 2
9.375000 2
9.375000 2
14.437500 2
4.312500 2
4.687500 4
9.375000 4
4.312500 2
9.375000 2
9.375000 2
14.437500 4
4.687500 58
4.687500 12
9.750000 60
4.687500 18
9.375000 10
9.750000 20
14.437500 12
4.687500 18
4.687500 4
9.750000 20
4.687500 50
9.375000 2
9.750000 52
14.437500 4
4.687500 50
4.687500 4
9.750000 52
4.312500 2
9.375000 2
9.375000 2
14.437500 4
4.312500 2
4.687500 2
9.375000 2
4.312500 2
9.375000 2
9.375000 2
14.437500 2
4.312500 10
4.312500 13
9.375000 29
4.312500 26
9.375000 26
9.375000 29
14.062500 13
4.312500 2
4.312500 5
9.375000 29
4.312500 26
9.375000 26
9.375000 29
14.062500 5
4.312500 2
4.312500 5
9.375000 29
4.312500 34
9.375000 34
9.375000 37
14.062500 5
4.312500 2
4.312500 5
9.375000 37
3.937500 2
9.000000 2
9.000000 5
14.062500 5
4.687500 42
4.312500 13
9.375000 13
4.687500 26
9.375000 10
9.375000 13
14.437500 29
4.687500 26
4.312500 5
9.375000 5
4.687500 34
9.375000 2
9.375000 5
14.437500 29
4.687500 34
4.312500 5
9.375000 5
4.312500 2
9.375000 2
9.375000 5
14.437500 37
4.312500 2
4.312500 5
9.375000 5
3.937500 2
9.000000 2
9.000000 3
14.062500 3
4.687500 10
4.312500 10
9.375000 10
4.312500 10
9.375000 10
9.375000 13
14.437500 13
4.312500 2
4.687500 42
9.375000 5
4.687500 2
9.375000 2
9.375000 5
14.437500 5
4.687500 2
4.687500 26
9.375000 2
4.312500 2
9.375000 2
9.375000 5
14.437500 5
4.312500 2
4.687500 34
9.375000 2
3.937500 2
9.000000 2
9.000000 3
14.062500 3
4.687500 58
4.312500 10
9.375000 10
4.687500 18
9.375000 10
9.375000 13
14.437500 21
4.687500 18
4.687500 10
9.375000 5
4.687500 50
9.375000 2
9.375000 5
14.437500 21
4.687500 50
4.312500 2
9.375000 2
4.312500 2
9.375000 2
9.375000 5
14.437500 53
4.312500 2
4.687500 2
9.375000 2
3.937500 2
9.000000 2
9.000000 2
14.062500 2
4.312500 26
3.937500 10
9.000000 10
4.312500 11
9.375000 27
9.000000 10
14.062500 11
4.312500 26
3.937500 2
9.000000 2
4.312500 3
9.375000 27
9.000000 2
14.062500 3
4.312500 26
3.937500 2
9.000000 2
4.312500 3
9.375000 27
9.000000 2
14.062500 3
4.312500 34
3.937500 2
9.000000 2
4.312500 3
9.375000 35
9.000000 2
14.062500 3
4.687500 42
4.312500 42
9.375000 42
4.687500 26
9.375000 11
9.375000 43
14.437500 43
4.687500 26
4.312500 26
9.375000 26
4.687500 34
9.375000 3
9.375000 27
14.437500 27
4.687500 34
4.312500 26
9.375000 34
4.312500 2
9.375000 3
9.375000 27
14.437500 35
4.312500 2
4.312500 26
9.000000 2
4.312500 3
9.375000 3
9.375000 27
14.062500 2
4.687500 10
4.312500 10
9.375000 10
4.312500 10
9.375000 10
9.375000 11
14.437500 11
4.312500 2
4.687500 42
9.375000 42
4.687500 2
9.375000 2
9.375000 11
14.437500 43
4.687500 2
4.687500 26
9.375000 2
4.312500 2
9.375000 2
9.375000 3
14.437500 3
4.312500 2
4.687500 34
9.375000 34
4.312500 3
9.375000 3
9.375000 3
14.437500 35
4.687500 58
4.312500 10
9.375000 58
4.687500 18
9.375000 11
9.375000 11
14.437500 59
4.687500 18
4.687500 10
9.375000 10
4.687500 50
9.375000 3
9.375000 11
14.437500 11
4.687500 50
4.312500 2
9.375000 50
4.312500 2
9.375000 3
9.375000 3
14.437500 51
4.312500 2
4.687500 2
9.375000 2
4.312500 3
9.375000 3
9.375000 3
14.437500 3
4.312500 11
4.312500 15
9.375000 31
4.312500 27
9.375000 27
9.375000 31
14.062500 15
4.312500 3
4.312500 7
9.375000 31
4.312500 27
9.375000 27
9.375000 31
14.062500 7
4.312500 3
4.312500 7
9.375000 31
4.312500 35
9.375000 35
9.375000 39
14.062500 7
4.312500 3
4.312500 7
9.375000 39
3.937500 3
9.000000 3
9.000000 7
14.062500 7
4.687500 43
4.312500 15
9.375000 15
4.687500 27
9.375000 11
9.375000 15
14.437500 31
4.687500 27
4.312500 7
9.375000 7
4.687500 35
9.375000 3
9.375000 7
14.437500 31
4.687500 35
4.312500 7
9.375000 7
4.312500 3
9.375000 3
9.375000 7
14.437500 39
4.312500 3
4.312500 7
9.375000 7
3.937500 3
9.000000 3
9.000000 6
14.062500 6
4.687500 11
4.312500 11
9.375000 11
4.312500 11
9.375000 11
9.375000 15
14.437500 15
4.312500 3
4.687500 43
9.375000 7
4.687500 3
9.375000 3
9.375000 7
14.437500 7
4.687500 3
4.687500 27
9.375000 3
4.312500 3
9.375000 3
9.375000 7
14.437500 7
4.312500 3
4.687500 35
9.375000 3
3.937500 3
9.000000 3
9.000000 6
14.062500 6
4.687500 59
4.312500 11
9.375000 11
4.687500 19
9.375000 11
9.375000 15
14.437500 23
4.687500 19
4.687500 11
9.375000 7
4.687500 51
9.375000 3
9.375000 7
14.437500 23
4.687500 51
4.312500 3
9.375000 3
4.312500 3
9.375000 3
9.375000 7
14.437500 55
4.312500 3
4.687500 3
9.375000 3
3.937500 3
9.000000 3
9.000000 3
14.062500 3
4.312500 26
4.312500 10
9.375000 26
4.312500 26
9.000000 10
9.375000 26
14.062500 10
4.312500 26
4.312500 2
9.375000 26
4.312500 26
9.000000 2
9.375000 26
14.062500 2
4.312500 26
4.312500 2
9.375000 26
4.312500 34
9.000000 2
9.375000 34
14.062500 2
4.312500 34
4.312500 2
9.375000 34
3.937500 2
9.000000 2
9.000000 2
14.062500 2
4.687500 42
4.312500 10
9.375000 10
4.687500 26
9.375000 26
9.375000 10
14.437500 26
4.687500 26
4.312500 2
9.375000 2
4.687500 34
9.375000 26
9.375000 2
14.437500 26
4.687500 34
4.312500 2
9.375000 2
4.312500 2
9.375000 34
9.375000 2
14.437500 34
4.312500 2
4.312500 2
9.375000 2
3.937500 2
9.000000 2
9.000000 2
14.062500 2
4.687500 10
4.312500 10
9.375000 10
4.312500 10
9.375000 10
9.375000 10
14.437500 10
4.312500 2
4.687500 42
9.375000 2
4.687500 2
9.375000 2
9.375000 2
14.437500 2
4.687500 2
4.687500 26
9.375000 2
4.312500 2
9.375000 2
9.375000 2
14.437500 2
4.312500 2
4.687500 34
9.375000 2
3.937500 2
9.000000 2
9.000000 2
14.062500 2
4.687500 58
4.312500 10
9.375000 10
4.687500 18
9.375000 18
9.375000 10
14.437500 18
4.687500 18
4.687500 10
9.375000 2
4.687500 50
9.375000 18
9.375000 2
14.437500 18
4.687500 50
4.312500 2
9.375000 2
4.312500 2
9.375000 50
9.375000 2
14.437500 50
4.312500 2
4.687500 2
9.375000 2
3.937500 2
9.000000 2
9.000000 2
14.062500 2
4.312500 26
3.937500 10
9.000000 10
4.312500 10
9.375000 26
9.000000 10
14.062500 10
4.312500 26
3.937500 2
9.000000 2
4.312500 2
9.375000 26
9.000000 2
14.062500 2
4.312500 26
3.937500 2
9.000000 2
4.312500 2
9.375000 26
9.000000 2
14.062500 2
4.312500 34
3.937500 2
9.000000 2
4.312500 2
9.375000 34
9.000000 2
14.062500 2
4.687500 42
4.312500 42
9.375000 42
4.687500 26
9.375000 10
9.375000 42
14.437500 42
4.687500 26
4.312500 26
9.375000 26
4.687500 34
9.375000 2
9.375000 26
14.437500 26
4.687500 34
4.312500 26
9.375000 34
4.312500 2
9.375000 2
9.375000 26
14.437500 34
4.312500 2
4.312500 26
9.000000 2
4.312500 2
9.375000 2
9.375000 26
14.062500 2
4.687500 10
4.312500 10
9.375000 10
4.312500 10
9.375000 10
9.375000 10
14.437500 10
4.312500 2
4.687500 42
9.375000 42
4.687500 2
9.375000 2
9.375000 10
14.437500 42
4.687500 2
4.687500 26
9.375000 2
4.312500 2
9.375000 2
9.375000 2
14.437500 2
4.312500 2
4.687500 34
9.375000 34
4.312500 2
9.375000 2
9.375000 2
14.437500 34
4.687500 58
4.312500 10
9.375000 58
4.687500 18
9.375000 10
9.375000 10
14.437500 58
4.687500 18
4.687500 10
9.375000 10
4.687500 50
9.375000 2
9.375000 10
14.437500 10
4.687500 50
4.312500 2
9.375000 50
4.312500 2
9.375000 2
9.375000 2
14.437500 50
4.312500 2
4.687500 2
9.375000 2
4.312500 2
9.375000 2
9.375000 2
14.437500 2
4.312500 10
4.312500 10
9.375000 26
4.687500 15
9.375000 26
9.375000 15
14.437500 31
4.312500 2
4.312500 2
9.375000 26
4.687500 7
9.375000 26
9.375000 7
14.437500 31
4.312500 2
4.312500 2
9.375000 26
4.687500 7
9.375000 31
9.375000 7
14.437500 31
4.312500 2
4.312500 2
9.375000 34
4.687500 7
9.375000 39
9.375000 7
14.437500 39
4.687500 42
4.312500 10
9.375000 10
4.687500 15
9.750000 47
9.375000 10
14.437500 15
4.687500 26
4.312500 2
9.375000 2
4.687500 7
9.750000 31
9.375000 2
14.437500 7
4.687500 34
4.312500 2
9.375000 2
4.687500 7
9.750000 39
9.375000 2
14.437500 7
4.312500 2
4.312500 2
9.375000 2
4.687500 7
9.375000 7
9.375000 7
14.437500 7
4.687500 10
4.312500 10
9.375000 10
4.687500 15
9.750000 15
9.375000 10
14.437500 10
4.312500 2
4.687500 42
9.375000 2
4.687500 2
9.375000 2
9.750000 47
14.437500 2
4.687500 2
4.687500 26
9.375000 2
4.687500 7
9.750000 7
9.750000 31
14.437500 2
4.312500 2
4.687500 34
9.375000 2
4.687500 7
9.375000 7
9.750000 39
14.437500 7
4.687500 58
4.312500 10
9.375000 10
4.687500 15
9.750000 63
9.375000 10
14.437500 15
4.687500 18
4.687500 10
9.375000 2
4.687500 7
9.750000 23
9.750000 15
14.437500 7
4.687500 50
4.312500 2
9.375000 2
4.687500 7
9.750000 55
9.375000 2
14.437500 7
4.312500 2
4.687500 2
9.375000 2
4.687500 7
9.375000 7
9.750000 7
14.437500 7
4.687500 15
3.937500 11
9.000000 11
4.312500 11
9.375000 27
9.000000 11
14.062500 11
4.687500 7
3.937500 3
9.000000 3
4.312500 3
9.375000 27
9.000000 3
14.062500 3
4.687500 7
3.937500 3
9.000000 3
4.312500 3
9.375000 27
9.000000 3
14.062500 3
4.687500 7
3.937500 3
9.000000 3
4.312500 3
9.375000 35
9.000000 3
14.062500 3
4.687500 15
4.312500 43
9.375000 43
4.687500 27
9.750000 31
9.375000 43
14.437500 43
4.687500 7
4.312500 27
9.375000 27
4.687500 35
9.750000 39
9.375000 27
14.437500 27
4.687500 7
4.312500 27
9.375000 31
4.312500 3
9.375000 3
9.375000 27
14.437500 35
4.687500 7
4.312500 27
9.375000 31
4.312500 3
9.375000 3
9.375000 27
14.062500 3
4.687500 11
4.312500 11
9.375000 11
4.312500 11
9.375000 11
9.375000 11
14.437500 11
4.687500 7
4.687500 43
9.750000 47
4.687500 3
9.750000 7
9.375000 11
14.437500 43
4.687500 3
4.687500 27
9.750000 31
4.312500 3
9.375000 3
9.375000 3
14.437500 3
4.687500 7
4.687500 35
9.750000 39
4.312500 3
9.375000 3
9.375000 3
14.437500 35
4.687500 15
4.312500 11
9.375000 15
4.687500 19
9.750000 23
9.375000 11
14.437500 59
4.687500 7
4.687500 11
9.750000 15
4.687500 51
9.750000 55
9.375000 11
14.437500 11
4.687500 7
4.312500 3
9.375000 7
4.312500 3
9.375000 3
9.375000 3
14.437500 51
4.687500 7
4.687500 3
9.750000 7
4.312500 3
9.375000 3
9.375000 3
14.437500 3
