0.000000 0
0.000000 0
2.613133 7
2.385726 0
3.580820 0
2.486670 25
2.148793 0
3.073163 2
2.353756 25
1.957614 30
2.693583 30
2.486670 25
1.886510 30
2.786432 31
2.613133 7
1.851441 30
2.701762 31
2.550877 8
1.836213 30
2.567243 31
2.415908 31
2.424844 5
3.481337 29
2.068139 9
1.822947 30
2.322448 30
1.886510 11
2.148793 0
2.340435 5
2.068139 9
1.920962 2
2.562958 31
2.415908 31
1.862065 30
2.758518 31
2.613133 7
1.839595 30
2.701762 31
2.031206 25
-2.000000 0
-2.000000 0
1.402052 10
2.424844 2
2.409350 26
2.424844 5
2.385726 0
3.238980 5
1.402052 8
2.098104 2
1.799394 2
2.068139 10
1.883065 2
2.562958 31
2.486670 25
1.841009 30
2.786432 31
1.886510 10
2.424844 3
3.037249 27
2.424844 4
1.822947 30
2.561777 4
-2.000000 0
2.148793 0
-2.000000 0
2.424844 2
1.920962 2
3.211382 2
1.886510 8
1.862065 30
2.322594 2
2.353756 25
1.839595 30
2.664865 31
2.031206 25
2.385726 0
2.652164 30
1.402052 9
2.148793 0
1.783778 4
2.424844 3
1.957614 30
3.211382 3
1.402052 8
1.886510 30
1.783778 2
2.068139 10
1.851441 30
2.562958 31
2.486670 25
1.836213 30
2.786432 31
2.415908 31
2.098104 3
2.758518 31
2.031206 25
1.920962 3
2.562958 31
1.886510 9
1.886510 30
2.322594 3
2.031206 25
1.858002 30
2.562958 31
2.415908 31
1.841009 30
2.758518 31
2.613133 7
1.832542 30
2.701762 31
2.486670 10
2.148793 0
3.073163 12
2.582658 7
2.447827 0
3.279922 0
2.455175 25
2.216070 2
2.871108 2
2.582658 7
2.031206 2
2.587536 2
2.486670 8
1.883745 2
2.380424 2
2.398637 8
1.804930 24
2.213435 2
2.321582 9
2.424844 5
3.619177 35
2.216070 31
1.657016 30
2.065995 2
1.945374 9
2.447827 0
2.456559 5
2.216070 31
2.216070 2
2.159126 1
2.321582 9
2.031206 2
2.310555 25
2.486670 11
1.883745 2
2.312773 25
2.216070 31
-2.000000 0
-2.000000 0
1.431594 10
2.424844 2
2.520232 32
2.424844 5
2.148793 0
3.313010 5
1.431594 8
2.040662 24
1.994180 5
2.216070 31
1.891288 2
2.091138 1
2.582658 7
1.792884 24
2.377049 25
1.920962 31
2.424844 3
3.163921 33
2.424844 4
1.657016 30
2.650737 4
-2.000000 0
2.447827 0
-2.000000 0
2.424844 2
2.216070 2
3.487869 2
1.945374 10
2.031206 2
2.562958 2
2.455175 25
1.883745 2
2.308478 25
2.216070 31
2.148793 0
2.297937 3
1.431594 9
2.447827 0
2.006951 4
2.424844 3
2.216070 2
3.487869 3
1.431594 8
2.031206 2
1.994180 2
2.216070 31
1.883745 2
2.089559 1
2.582658 7
1.804930 24
2.379390 25
2.298610 13
2.040662 24
2.255795 1
2.216070 31
2.216070 3
2.159126 1
1.920962 31
2.031206 2
2.562958 3
2.216070 31
1.888287 24
2.090509 1
2.321582 10
1.818852 24
2.305672 25
2.486670 9
1.780406 24
2.306987 25
2.353756 10
1.957614 5
2.693583 5
2.455175 10
2.216070 12
2.871108 12
2.567500 7
2.548407 0
2.741954 0
2.455175 8
2.415908 2
2.749268 25
2.353756 8
2.308217 24
2.817924 25
2.262185 8
2.247641 24
2.772195 25
2.394478 7
2.424844 5
3.481337 17
2.092173 9
1.464293 2
1.861673 2
2.098104 31
2.216070 12
2.182332 5
2.092173 9
2.321582 24
2.536586 25
2.394478 7
2.281811 24
2.868739 25
2.353756 11
2.239967 24
2.925064 25
2.040662 9
-2.000000 0
-2.000000 0
1.478138 31
2.424844 2
2.409350 14
2.424844 5
1.957614 2
3.163921 17
1.478138 31
2.394478 0
2.161868 5
2.092173 10
2.279638 2
2.531681 25
2.455175 11
2.228093 24
2.933270 25
2.098104 31
2.424844 3
3.037249 15
2.424844 4
1.464293 2
2.520232 16
-2.000000 0
2.216070 12
-2.000000 0
2.424844 2
2.321582 24
3.619177 14
2.098104 31
2.281811 24
2.754526 2
2.567500 7
2.239967 24
2.858693 25
2.040662 11
1.957614 3
2.075377 3
1.478138 31
2.216070 12
1.953875 4
2.424844 3
2.548407 0
3.624392 15
1.478138 31
2.415908 2
2.165363 2
2.092173 10
2.308217 24
2.536254 25
2.455175 9
2.247641 24
2.935263 25
2.394478 7
2.394478 0
2.448674 1
2.040662 8
2.321582 24
2.536586 25
2.098104 31
2.415908 3
2.758518 3
2.040662 10
2.315007 24
2.524322 25
2.394478 7
2.257366 24
2.864098 25
2.353756 9
2.224652 24
2.918538 25
2.486670 10
1.886510 5
2.786432 11
2.582658 7
2.031206 12
2.587536 12
2.455175 13
2.415908 12
2.749268 10
2.582658 7
2.613133 0
3.121977 7
2.486670 8
2.550877 2
3.272626 25
2.398637 8
2.503026 24
3.277002 25
2.321582 9
2.424844 5
3.619177 35
2.216070 31
1.402052 2
1.907398 8
1.945374 9
2.068139 4
2.015849 11
2.216070 31
2.486670 30
2.909339 31
2.321582 9
2.510473 24
3.247693 25
2.486670 11
2.491004 24
3.397481 25
2.216070 31
-2.000000 0
-2.000000 0
1.431594 10
2.424844 2
2.520232 32
2.424844 5
1.886510 2
3.037249 17
1.431594 8
2.353756 30
2.131430 11
2.216070 31
2.467955 24
2.905043 31
2.582658 7
2.476694 24
3.342911 25
1.920962 31
2.424844 3
3.163921 33
2.424844 4
1.402052 2
2.409350 16
-2.000000 0
2.068139 4
-2.000000 0
2.424844 2
2.486670 30
3.579072 14
1.945374 10
2.510473 24
2.832080 8
2.455175 13
2.491004 24
3.218205 25
2.216070 31
1.886510 3
2.127128 9
1.431594 9
2.068139 5
1.817909 10
2.424844 3
2.415908 12
3.481337 15
1.431594 8
2.613133 0
2.230558 9
2.216070 31
2.550877 2
2.901213 31
2.582658 7
2.503026 24
3.344075 25
2.298610 25
2.353756 30
2.597251 31
2.216070 31
2.486670 30
2.909339 31
1.920962 31
2.613133 0
2.751730 9
2.216070 31
2.550877 2
2.885315 31
2.321582 10
2.508017 24
3.242276 25
2.486670 9
2.482650 24
3.390211 25
2.613133 7
1.851441 5
2.701762 11
2.486670 13
1.883745 12
2.380424 12
2.353756 13
2.308217 4
2.817924 10
2.486670 13
2.550877 12
3.272626 10
2.613133 7
2.644332 0
3.548155 7
2.550877 8
2.617882 2
3.606514 25
2.415908 31
2.424844 5
3.481337 17
2.068139 9
1.371355 2
1.777760 8
1.886510 11
1.982063 4
1.909314 11
2.068139 9
2.429222 4
2.791463 10
2.415908 31
2.597552 30
3.490371 31
2.613133 7
2.601809 24
3.687102 25
2.031206 13
-2.000000 0
-2.000000 0
1.402052 10
2.424844 2
2.409350 14
2.424844 5
1.851441 2
2.956394 17
1.402052 8
2.348031 4
2.025055 11
2.068139 10
2.547838 30
3.128174 31
2.486670 13
2.585465 24
3.561905 25
1.886510 10
2.424844 3
3.037249 15
2.424844 4
1.371355 2
2.338574 16
-2.000000 0
1.982063 4
-2.000000 0
2.424844 2
2.429222 4
3.489519 14
1.886510 8
2.597552 30
2.832516 31
2.353756 13
2.601809 24
3.437685 25
2.031206 13
1.851441 3
1.982091 9
1.402052 9
1.955059 5
1.717758 10
2.424844 3
2.308217 4
3.393353 15
1.402052 8
2.550877 12
2.120849 9
2.068139 10
2.644332 0
3.141240 31
2.486670 13
2.617882 2
3.561776 25
2.415908 31
2.262185 12
2.393592 31
2.031206 13
2.398637 12
2.617475 13
1.886510 9
2.550877 12
2.626206 9
2.031206 13
2.578345 4
3.117996 31
2.415908 31
2.617882 3
3.482804 31
2.613133 7
2.600814 24
3.679108 25
2.550877 13
1.836213 5
2.567243 11
2.398637 13
1.804930 4
2.213435 12
2.262185 13
2.247641 4
2.772195 10
2.398637 13
2.503026 4
3.277002 10
2.550877 13
2.617882 12
3.606514 10
2.638531 7
2.657733 0
3.773894 7
2.315007 9
2.424844 5
3.371387 17
1.961905 9
1.358025 2
1.670373 8
1.858002 11
1.934171 4
1.834825 11
1.961905 9
2.393013 4
2.693152 10
2.315007 9
2.576074 4
3.427418 10
2.550877 13
2.640583 30
3.808244 31
1.888287 9
-2.000000 0
-2.000000 0
1.377098 10
2.424844 2
2.320903 14
2.424844 5
1.836213 2
2.909347 17
1.377098 8
2.332690 4
1.951468 11
1.961905 10
2.548467 4
3.054928 10
2.398637 13
2.622430 30
3.709206 31
1.858002 10
2.424844 3
2.936207 15
2.424844 4
1.358025 2
2.297392 16
-2.000000 0
1.934171 4
-2.000000 0
2.424844 2
2.393013 4
3.437412 14
1.858002 8
2.576074 4
2.802115 10
2.262185 13
2.640583 30
3.586899 31
1.883745 13
1.836213 3
1.861802 9
1.377098 9
1.867392 5
1.649179 10
2.424844 3
2.247641 4
3.342160 15
1.377098 8
2.503026 4
2.045511 9
1.961905 10
2.617882 12
3.089387 10
2.398637 13
2.657733 0
3.707504 31
2.298610 13
2.179504 12
2.185364 13
1.883745 13
2.317899 12
2.386472 13
1.858002 9
2.491959 12
2.540869 9
1.888287 10
2.570715 4
2.935988 31
2.315007 10
2.626472 4
3.471638 10
2.550877 13
2.647070 3
3.799520 31
2.415908 11
2.424844 30
3.481337 34
2.321582 19
2.424844 30
3.619177 35
2.394478 7
2.424844 30
3.481337 32
2.321582 19
2.424844 30
3.619177 35
2.415908 11
2.424844 30
3.481337 32
2.315007 19
2.424844 30
3.371387 32
2.548407 7
2.661681 5
3.925434 29
2.216070 25
2.424844 30
3.487869 31
1.957614 11
2.424844 30
3.211382 31
2.216070 25
2.424844 30
3.487869 31
2.548407 7
2.424844 30
3.624392 32
2.415908 8
2.424844 30
3.481337 32
2.216070 25
-2.000000 0
-2.000000 0
1.464293 10
2.661681 2
2.773226 31
2.424844 5
2.424844 30
2.794917 35
1.464293 8
2.424844 30
2.530722 31
2.216070 25
2.424844 30
3.487869 31
2.321582 19
2.424844 30
3.619177 32
1.957614 10
2.661681 3
3.490318 31
2.424844 4
2.424844 30
2.794917 34
-2.000000 0
2.424844 30
-2.000000 0
2.424844 2
2.424844 30
2.794917 32
1.957614 8
2.424844 30
3.211382 31
2.394478 7
2.424844 30
3.481337 33
2.216070 25
2.424844 30
3.487869 31
1.464293 9
2.424844 30
2.530722 31
2.424844 3
2.424844 30
2.794917 33
1.464293 8
2.424844 30
2.530722 31
2.216070 25
2.424844 30
3.487869 31
2.321582 19
2.424844 30
3.619177 32
2.548407 7
2.424844 30
3.624392 33
2.216070 25
2.424844 30
3.487869 31
1.957614 9
2.424844 30
3.211382 31
2.216070 25
2.424844 30
3.487869 31
2.548407 7
2.424844 30
3.624392 32
2.415908 8
2.424844 30
3.481337 32
2.068139 19
1.822947 5
2.322448 5
2.216070 11
1.657016 5
2.065995 12
2.092173 19
1.464293 12
1.861673 12
2.216070 11
1.402052 12
1.907398 13
2.068139 19
1.371355 12
1.777760 13
1.961905 19
1.358025 12
1.670373 13
2.216070 10
2.424844 5
3.487869 11
2.447827 7
2.135195 0
2.619894 0
2.148793 7
1.657016 2
1.791653 2
2.447827 7
1.431594 12
2.006951 13
2.216070 8
1.380654 12
1.953875 13
2.068139 19
1.360985 12
1.777760 13
2.447827 7
-2.000000 0
-2.000000 0
1.657016 31
2.424844 2
2.650737 8
2.424844 5
1.822947 2
2.530722 5
1.657016 31
1.478138 2
1.315505 31
2.447827 7
1.384789 12
2.006951 13
2.216070 8
1.362223 12
1.907398 13
2.148793 7
2.424844 3
3.313010 9
2.424844 4
2.135195 0
2.619174 4
-2.000000 0
1.657016 2
-2.000000 0
2.424844 2
1.431594 12
2.530722 2
2.148793 7
1.380654 12
1.783778 13
2.092173 19
1.360985 12
1.838045 13
2.447827 7
1.822947 3
2.235425 3
1.657016 31
1.657016 3
1.321551 1
2.424844 3
1.464293 12
2.530722 3
1.657016 31
1.402052 12
1.315505 31
2.447827 7
1.371355 12
2.006951 13
2.216070 8
1.358025 12
1.907398 13
2.216070 9
1.478138 3
1.953875 13
2.447827 7
1.431594 12
2.006951 13
2.148793 7
1.402052 12
1.783778 13
2.447827 7
1.377098 12
2.006951 13
2.216070 8
1.362223 12
1.953875 13
2.068139 19
1.354811 12
1.777760 13
1.886510 31
2.148793 0
2.340435 30
1.945374 19
2.447827 0
2.456559 30
2.098104 11
2.216070 2
2.182332 30
1.945374 19
2.068139 24
2.015849 31
1.886510 31
1.982063 24
1.909314 31
1.858002 31
1.934171 24
1.834825 31
1.957614 31
2.424844 5
3.211382 11
2.148793 7
1.657016 12
1.791653 12
2.385726 7
2.447827 0
2.542194 11
2.148793 7
2.216070 2
2.432559 25
1.957614 31
2.043496 24
2.119206 25
1.886510 31
1.958983 24
1.898947 31
2.148793 7
-2.000000 0
-2.000000 0
1.822947 31
2.424844 2
2.561777 8
2.424844 5
2.148793 0
3.313010 5
1.822947 31
2.092173 24
2.078342 31
2.148793 7
2.004350 24
2.359681 25
1.945374 19
1.945603 24
1.950116 19
2.385726 7
2.424844 3
3.238980 9
2.424844 4
1.657016 12
2.650737 4
-2.000000 0
2.447827 0
-2.000000 0
2.424844 2
2.216070 2
3.487869 2
2.385726 7
2.043496 24
2.652164 8
2.098104 8
1.958983 24
2.051589 8
2.148793 7
2.148793 0
2.340435 9
1.822947 31
2.447827 0
2.235425 31
2.424844 3
2.216070 2
3.487869 3
1.822947 31
2.068139 24
2.050815 8
2.148793 7
1.982063 24
2.356277 25
1.945374 19
1.934171 24
1.952229 19
1.957614 31
2.092173 24
2.083667 31
2.148793 7
2.216070 3
2.432559 25
2.385726 7
2.068139 24
2.652164 9
2.148793 7
1.961905 24
2.342147 25
1.957614 31
1.945603 24
2.092414 25
1.886510 31
1.911984 24
1.888706 19
2.068139 19
1.920962 12
2.562958 11
2.216070 11
2.216070 12
2.159126 6
2.092173 19
2.321582 4
2.536586 10
2.216070 11
2.486670 5
2.909339 11
2.068139 19
2.429222 24
2.791463 25
1.961905 19
2.393013 24
2.693152 25
2.216070 10
2.424844 5
3.487869 11
2.447827 7
1.431594 2
2.006951 8
2.148793 7
2.216070 12
2.432559 10
2.447827 7
2.582658 0
3.279922 7
2.216070 8
2.486670 2
3.073160 25
2.068139 19
2.416982 24
2.849856 25
2.447827 7
-2.000000 0
-2.000000 0
1.657016 31
2.424844 2
2.650737 8
2.424844 5
1.945374 4
3.163921 17
1.657016 31
2.455175 30
2.488546 31
2.447827 7
2.436591 24
3.191738 7
2.216070 8
2.400248 24
2.897600 25
2.148793 7
2.424844 3
3.313010 9
2.424844 4
1.431594 2
2.520232 16
-2.000000 0
2.216070 12
-2.000000 0
2.424844 2
2.582658 0
3.722044 14
2.148793 7
2.486670 2
3.079890 8
2.092173 19
2.416982 24
2.859177 25
2.447827 7
1.945374 5
2.456559 9
1.657016 31
2.216070 12
2.065995 10
2.424844 3
2.321582 4
3.619177 15
1.657016 31
2.486670 3
2.446676 9
2.447827 7
2.429222 24
3.187684 7
2.216070 8
2.393013 24
2.886290 25
2.216070 9
2.455175 30
2.871108 10
2.447827 7
2.582658 0
3.279922 7
2.148793 7
2.486670 2
2.980708 9
2.447827 7
2.398637 2
3.170857 7
2.216070 8
2.400248 24
3.041717 25
2.068139 19
2.372410 24
2.834951 25
2.415908 11
1.862065 5
2.758518 11
2.321582 19
2.031206 12
2.310555 10
2.394478 7
2.281811 4
2.868739 10
2.321582 19
2.510473 4
3.247693 10
2.415908 11
2.597552 5
3.490371 11
2.315007 19
2.576074 24
3.427418 25
2.548407 7
2.424844 5
3.624392 17
2.216070 13
1.380654 2
1.953875 8
1.957614 11
2.043496 4
2.119206 10
2.216070 13
2.486670 12
3.073160 10
2.548407 7
2.634931 0
3.698666 7
2.415908 8
2.597552 2
3.560550 25
2.216070 13
-2.000000 0
-2.000000 0
1.464293 10
2.424844 2
2.520232 14
2.424844 5
1.862065 2
3.037249 17
1.464293 8
2.397180 4
2.178577 11
2.216070 13
2.588521 30
3.401476 31
2.321582 19
2.578423 24
3.555790 25
1.957614 10
2.424844 3
3.163921 15
2.424844 4
1.380654 2
2.409350 16
-2.000000 0
2.043496 4
-2.000000 0
2.424844 2
2.486670 12
3.579072 14
1.957614 8
2.634931 0
3.062009 31
2.394478 7
2.597552 2
3.475939 25
2.216070 13
1.862065 3
2.182332 9
1.464293 9
2.043496 5
1.857172 10
2.424844 3
2.281811 4
3.481337 15
1.464293 8
2.510473 4
2.278026 9
2.216070 13
2.597552 3
3.371088 31
2.321582 19
2.576074 24
3.542086 25
2.548407 7
2.353756 12
2.635375 10
2.216070 13
2.486670 12
2.909339 13
1.957614 9
2.491959 18
2.844673 31
2.216070 13
2.545312 24
3.367483 31
2.548407 7
2.578423 24
3.663144 7
2.415908 8
2.558505 24
3.543727 25
2.613133 7
1.839595 5
2.701762 11
2.486670 31
1.883745 12
2.312773 10
2.353756 31
2.239967 4
2.925064 10
2.486670 31
2.491004 4
3.397481 10
2.613133 7
2.601809 4
3.687102 10
2.550877 8
2.640583 5
3.808244 11
2.415908 13
2.424844 5
3.481337 17
2.068139 9
1.360985 2
1.777760 8
1.886510 11
1.958983 4
1.898947 11
2.068139 9
2.416982 4
2.849856 10
2.415908 13
2.597552 12
3.560550 10
2.613133 7
2.654765 0
3.905253 7
2.031206 13
-2.000000 0
-2.000000 0
1.402052 10
2.424844 2
2.409350 14
2.424844 5
1.839595 2
2.942925 17
1.402052 8
2.353804 4
2.014378 11
2.068139 10
2.567077 4
3.211881 10
2.486670 31
2.637871 30
3.841289 31
1.886510 10
2.424844 3
3.037249 15
2.424844 4
1.360985 2
2.326783 16
-2.000000 0
1.958983 4
-2.000000 0
2.424844 2
2.416982 4
3.474601 14
1.886510 8
2.597552 12
2.956591 10
2.353756 31
2.654765 0
3.719822 31
2.031206 13
1.839595 3
1.982091 9
1.402052 9
1.942699 5
1.706866 10
2.424844 3
2.239967 4
3.378697 15
1.402052 8
2.491004 4
2.109919 9
2.068139 10
2.601809 4
3.235159 10
2.486670 31
2.640583 3
3.825710 31
2.415908 13
2.262185 12
2.393592 13
2.031206 13
2.398637 12
2.617475 13
1.886510 9
2.475173 4
2.612652 9
2.031206 13
2.585435 4
3.131178 31
2.415908 13
2.637871 30
3.597013 10
2.613133 7
2.626574 3
3.887360 7
2.031206 10
-2.000000 0
-2.000000 0
2.216070 11
-2.000000 0
-2.000000 0
2.040662 19
-2.000000 0
-2.000000 0
2.216070 11
-2.000000 0
-2.000000 0
2.031206 8
-2.000000 0
-2.000000 0
1.888287 19
-2.000000 0
-2.000000 0
2.216070 10
-2.000000 0
-2.000000 0
2.447827 7
-2.000000 0
-2.000000 0
2.148793 7
-2.000000 0
-2.000000 0
2.447827 7
-2.000000 0
-2.000000 0
2.216070 8
-2.000000 0
-2.000000 0
2.031206 8
-2.000000 0
-2.000000 0
2.447827 7
-0.250000 0
0.177360 1
1.657016 25
-2.000000 0
-2.000000 0
2.424844 5
-2.000000 0
-2.000000 0
1.657016 25
-2.000000 0
-2.000000 0
2.447827 7
-2.000000 0
-2.000000 0
2.216070 8
-2.000000 0
-2.000000 0
2.148793 7
-2.000000 0
-2.000000 0
2.424844 4
-2.000000 0
-2.000000 0
-2.000000 0
-2.000000 0
-2.000000 0
2.424844 2
-2.000000 0
-2.000000 0
2.148793 7
-2.000000 0
-2.000000 0
2.040662 19
-2.000000 0
-2.000000 0
2.447827 7
-2.000000 0
-2.000000 0
1.657016 25
-2.000000 0
-2.000000 0
2.424844 3
-2.000000 0
-2.000000 0
1.657016 25
-2.000000 0
-2.000000 0
2.447827 7
-2.000000 0
-2.000000 0
2.216070 8
-2.000000 0
-2.000000 0
2.216070 9
-2.000000 0
-2.000000 0
2.447827 7
-2.000000 0
-2.000000 0
2.148793 7
-2.000000 0
-2.000000 0
2.447827 7
-2.000000 0
-2.000000 0
2.216070 8
-2.000000 0
-2.000000 0
2.031206 8
-2.000000 0
-2.000000 0
1.402052 25
2.424844 12
2.409350 16
1.431594 25
2.424844 12
2.520232 17
1.478138 11
2.424844 12
2.409350 14
1.431594 25
2.424844 12
2.520232 17
1.402052 25
2.424844 12
2.409350 14
1.377098 25
2.424844 12
2.320903 14
1.464293 25
2.661681 5
2.773226 11
1.657016 11
2.424844 12
2.650737 13
1.822947 11
2.424844 12
2.561777 13
1.657016 11
2.424844 12
2.650737 13
1.464293 25
2.424844 12
2.520232 14
1.402052 25
2.424844 12
2.409350 14
1.657016 10
-2.000000 0
-2.000000 0
2.135195 7
2.661681 2
2.866412 8
2.424844 5
2.424844 12
2.794917 17
2.135195 7
2.424844 12
2.619174 13
1.657016 8
2.424844 12
2.650737 13
1.431594 25
2.424844 12
2.520232 14
1.822947 10
2.661681 3
2.805944 13
2.424844 4
2.424844 12
2.794917 16
-2.000000 0
2.424844 12
-2.000000 0
2.424844 2
2.424844 12
2.794917 14
1.822947 8
2.424844 12
2.561777 13
1.478138 8
2.424844 12
2.409350 15
1.657016 10
2.424844 12
2.650737 13
2.135195 7
2.424844 12
2.619174 13
2.424844 3
2.424844 12
2.794917 15
2.135195 7
2.424844 12
2.619174 13
1.657016 8
2.424844 12
2.650737 13
1.431594 25
2.424844 12
2.520232 14
1.464293 25
2.424844 12
2.520232 15
1.657016 9
2.424844 12
2.650737 13
1.822947 9
2.424844 12
2.561777 13
1.657016 9
2.424844 12
2.650737 13
1.464293 25
2.424844 12
2.520232 14
1.402052 25
2.424844 12
2.409350 14
2.424844 30
2.385726 0
3.238980 30
2.424844 30
2.148793 0
3.313010 30
2.424844 30
1.957614 12
3.163921 32
2.424844 30
1.886510 12
3.037249 32
2.424844 30
1.851441 12
2.956394 32
2.424844 30
1.836213 12
2.909347 32
2.424844 30
2.424844 5
2.794917 35
2.424844 30
1.822947 12
2.530722 30
2.424844 30
2.148793 0
3.313010 30
2.424844 30
1.945374 24
3.163921 32
2.424844 30
1.862065 12
3.037249 32
2.424844 30
1.839595 12
2.942925 32
2.424844 30
-2.000000 0
-2.000000 0
2.424844 30
2.424844 2
2.794917 32
2.661681 5
2.385726 0
3.519392 5
2.424844 30
2.098104 2
3.048659 30
2.424844 30
1.892534 24
2.969530 32
2.424844 30
1.841009 12
2.921528 32
2.424844 30
2.424844 3
2.794917 33
2.661681 4
1.822947 12
2.805944 4
-2.000000 0
2.148793 0
-2.000000 0
2.661681 2
1.945374 24
3.490318 2
2.424844 30
1.862065 12
3.037249 32
2.424844 30
1.839595 12
2.942925 32
2.424844 30
2.385726 0
3.238980 30
2.424844 30
2.148793 0
3.313010 30
2.661681 3
1.957614 12
3.490318 3
2.424844 30
1.886510 12
3.037249 32
2.424844 30
1.851441 12
2.956394 32
2.424844 30
1.836213 12
2.909347 32
2.424844 30
2.098104 3
3.048659 30
2.424844 30
1.945374 24
3.163921 33
2.424844 30
1.886510 12
3.037249 32
2.424844 30
1.858002 12
2.956394 32
2.424844 30
1.841009 12
2.909347 33
2.424844 30
1.832542 12
2.889419 32
1.402052 13
2.098104 12
1.799394 12
1.431594 13
2.040662 4
1.994180 30
1.478138 11
2.394478 0
2.161868 30
1.431594 13
2.353756 5
2.131430 31
1.402052 13
2.348031 24
2.025055 31
1.377098 13
2.332690 24
1.951468 31
1.464293 13
2.424844 5
2.530722 11
1.657016 11
1.478138 12
1.315505 11
1.822947 11
2.092173 4
2.078342 11
1.657016 11
2.455175 5
2.488546 11
1.464293 13
2.397180 24
2.178577 31
1.402052 13
2.353804 24
2.014378 31
1.657016 10
-2.000000 0
-2.000000 0
2.135195 7
2.424844 2
2.619174 8
2.424844 5
2.098104 12
3.048659 5
2.135195 7
2.567500 0
3.172534 7
1.657016 8
2.455175 2
2.488546 8
1.431594 13
2.375511 24
2.096576 8
1.822947 10
2.424844 3
2.530722 9
2.424844 4
1.478138 12
2.419338 4
-2.000000 0
2.092173 4
-2.000000 0
2.424844 2
2.455175 3
3.548163 2
1.822947 8
2.397180 24
2.673380 8
1.478138 8
2.353804 24
2.187051 8
1.657016 10
2.098104 12
1.799394 12
2.135195 7
2.092173 5
2.439796 10
2.424844 3
2.394478 0
3.493752 3
2.135195 7
2.353756 3
3.051293 7
1.657016 8
2.357749 24
2.396347 25
1.431594 13
2.332690 24
2.031010 31
1.464293 13
2.567500 0
2.159034 31
1.657016 9
2.455175 2
2.412048 31
1.822947 9
2.353756 2
2.633149 9
1.657016 9
2.358577 24
2.393395 25
1.464293 13
2.371066 24
2.079044 31
1.402052 13
2.339523 24
1.972045 31
2.068139 25
1.883065 12
2.562958 11
2.216070 11
1.891288 12
2.091138 6
2.092173 25
2.279638 12
2.531681 10
2.216070 11
2.467955 4
2.905043 11
2.068139 25
2.547838 5
3.128174 11
1.961905 25
2.548467 24
3.054928 25
2.216070 10
2.424844 5
3.487869 11
2.447827 7
1.384789 2
2.006951 8
2.148793 7
2.004350 4
2.359681 10
2.447827 7
2.436591 4
3.191738 7
2.216070 8
2.588521 5
3.401476 11
2.068139 25
2.567077 24
3.211881 25
2.447827 7
-2.000000 0
-2.000000 0
1.657016 13
2.424844 2
2.650737 8
2.424844 5
1.892534 4
2.969530 17
1.657016 13
2.455175 12
2.488546 13
2.447827 7
2.630736 0
3.745443 7
2.216070 8
2.588521 2
3.401476 8
2.148793 7
2.424844 3
3.313010 9
2.424844 4
1.384789 2
2.350073 16
-2.000000 0
2.004350 4
-2.000000 0
2.424844 2
2.436591 4
3.504069 14
2.148793 7
2.588521 3
3.380822 7
2.092173 25
2.567077 24
3.310051 25
2.447827 7
1.892534 5
2.456559 9
1.657016 13
1.971073 5
1.935256 10
2.424844 3
2.279638 12
3.407648 15
1.657016 13
2.477835 4
2.502013 7
2.447827 7
2.558184 24
3.700528 7
2.216070 8
2.548467 24
3.366286 25
2.216070 9
2.455175 12
2.771750 10
2.447827 7
2.398637 18
3.170857 7
2.148793 7
2.471707 4
3.178414 7
2.447827 7
2.551767 24
3.696702 7
2.216070 8
2.583811 24
3.359506 9
2.068139 25
2.559732 24
3.195417 25
2.486670 10
1.841009 5
2.786432 11
2.582658 7
1.792884 4
2.377049 10
2.455175 31
2.228093 4
2.933270 10
2.582658 7
2.476694 4
3.342911 10
2.486670 8
2.585465 4
3.561905 10
2.398637 8
2.622430 5
3.709206 11
2.321582 9
2.424844 5
3.619177 17
2.216070 13
1.362223 2
1.907398 8
1.945374 9
1.945603 4
1.950116 9
2.216070 13
2.400248 4
2.897600 10
2.321582 9
2.578423 4
3.555790 10
2.486670 11
2.637871 5
3.841289 11
2.216070 13
-2.000000 0
-2.000000 0
1.431594 10
2.424844 2
2.520232 14
2.424844 5
1.841009 2
2.921528 17
1.431594 8
2.375511 4
2.096576 13
2.216070 13
2.588521 12
3.401476 13
2.582658 7
2.653522 0
3.985591 7
1.920962 13
2.424844 3
3.163921 15
2.424844 4
1.362223 2
2.308054 16
-2.000000 0
1.945603 4
-2.000000 0
2.424844 2
2.400248 4
3.450904 14
1.945374 10
2.578423 4
3.128056 10
2.455175 31
2.637871 3
3.868768 31
2.216070 13
1.841009 3
2.127128 9
1.431594 9
1.873436 5
1.731804 10
2.424844 3
2.255662 4
3.355414 15
1.431594 8
2.506194 4
2.205635 13
2.216070 13
2.615995 5
3.403965 10
2.582658 7
2.622430 3
3.965776 7
2.298610 19
2.353756 12
2.513671 13
2.216070 13
2.318896 4
2.809202 13
1.920962 13
2.492899 4
2.844673 13
2.216070 13
2.602236 4
3.377437 13
2.321582 10
2.653522 0
3.652894 7
2.486670 9
2.637871 2
3.821987 9
1.886510 25
2.424844 18
3.037249 22
1.920962 11
2.424844 18
3.163921 23
2.098104 11
2.424844 18
3.037249 20
1.920962 11
2.424844 18
3.163921 23
1.886510 25
2.424844 18
3.037249 20
1.858002 25
2.424844 18
2.936207 20
1.957614 25
2.661681 5
3.490318 11
2.148793 7
2.424844 18
3.313010 19
2.385726 7
2.424844 18
3.238980 19
2.148793 7
2.424844 18
3.313010 19
1.957614 25
2.424844 18
3.163921 20
1.886510 25
2.424844 18
3.037249 20
2.148793 7
-2.000000 0
-2.000000 0
1.822947 25
2.661681 2
2.805944 8
2.424844 5
2.424844 18
2.794917 23
1.822947 25
2.424844 18
2.530722 19
2.148793 7
2.424844 18
3.313010 19
1.920962 8
2.424844 18
3.163921 20
2.385726 7
2.661681 3
3.519392 9
2.424844 4
2.424844 18
2.794917 22
-2.000000 0
2.424844 18
-2.000000 0
2.424844 2
2.424844 18
2.794917 20
2.385726 7
2.424844 18
3.238980 19
2.098104 8
2.424844 18
3.037249 21
2.148793 7
2.424844 18
3.313010 19
1.822947 25
2.424844 18
2.530722 19
2.424844 3
2.424844 18
2.794917 21
1.822947 25
2.424844 18
2.530722 19
2.148793 7
2.424844 18
3.313010 19
1.920962 8
2.424844 18
3.163921 20
1.957614 25
2.424844 18
3.163921 21
2.148793 7
2.424844 18
3.313010 19
2.385726 7
2.424844 18
3.238980 19
2.148793 7
2.424844 18
3.313010 19
1.957614 25
2.424844 18
3.163921 20
1.886510 25
2.424844 18
3.037249 20
2.424844 24
1.822947 5
2.561777 24
2.424844 24
1.657016 5
2.650737 24
2.424844 24
1.464293 12
2.520232 26
2.424844 24
1.402052 12
2.409350 26
2.424844 24
1.371355 12
2.338574 26
2.424844 24
1.358025 12
2.297392 26
2.424844 24
2.424844 5
2.794917 29
2.424844 24
2.135195 0
2.619174 24
2.424844 24
1.657016 2
2.650737 24
2.424844 24
1.431594 12
2.520232 26
2.424844 24
1.380654 12
2.409350 26
2.424844 24
1.360985 12
2.326783 26
2.424844 24
-2.000000 0
-2.000000 0
2.424844 24
2.424844 2
2.794917 26
2.661681 5
1.822947 2
2.805944 24
2.424844 24
1.478138 2
2.419338 24
2.424844 24
1.384789 12
2.350073 26
2.424844 24
1.362223 12
2.308054 26
2.424844 24
2.424844 3
2.794917 27
2.661681 4
2.135195 0
2.866412 4
-2.000000 0
1.657016 2
-2.000000 0
2.661681 2
1.431594 12
2.773226 2
2.424844 24
1.380654 12
2.409350 26
2.424844 24
1.360985 12
2.326783 26
2.424844 24
1.822947 3
2.561777 24
2.424844 24
1.657016 3
2.650737 24
2.661681 3
1.464293 12
2.773226 3
2.424844 24
1.402052 12
2.409350 26
2.424844 24
1.371355 12
2.338574 26
2.424844 24
1.358025 12
2.297392 26
2.424844 24
1.478138 3
2.419338 24
2.424844 24
1.431594 12
2.520232 27
2.424844 24
1.402052 12
2.409350 26
2.424844 24
1.377098 12
2.338574 26
2.424844 24
1.362223 12
2.297392 27
2.424844 24
1.354811 12
2.279948 26
-2.000000 0
2.148793 0
-2.000000 0
-2.000000 0
2.447827 0
-2.000000 0
-2.000000 0
2.216070 2
-2.000000 0
-2.000000 0
2.068139 24
-2.000000 0
-2.000000 0
1.982063 24
-2.000000 0
-2.000000 0
1.934171 24
-2.000000 0
-2.000000 0
2.424844 5
-2.000000 0
-2.000000 0
1.657016 12
-2.000000 0
-2.000000 0
2.447827 0
-2.000000 0
-2.000000 0
2.216070 2
-2.000000 0
-2.000000 0
2.043496 24
-2.000000 0
-2.000000 0
1.958983 24
-2.000000 0
-2.000000 0
-2.000000 0
-2.000000 0
-2.000000 0
2.424844 2
-2.000000 0
-2.000000 0
2.148793 0
-2.000000 0
-2.000000 0
2.092173 24
-2.000000 0
-2.000000 0
2.004350 24
-2.000000 0
-2.000000 0
1.945603 24
-2.000000 0
-2.000000 0
2.424844 3
-2.000000 0
-2.000000 0
1.657016 12
-2.000000 0
-0.250000 1
2.447827 0
0.177360 1
-2.000000 0
2.216070 2
-2.000000 0
-2.000000 0
2.043496 24
-2.000000 0
-2.000000 0
1.958983 24
-2.000000 0
-2.000000 0
2.148793 0
-2.000000 0
-2.000000 0
2.447827 0
-2.000000 0
-2.000000 0
2.216070 2
-2.000000 0
-2.000000 0
2.068139 24
-2.000000 0
-2.000000 0
1.982063 24
-2.000000 0
-2.000000 0
1.934171 24
-2.000000 0
-2.000000 0
2.092173 24
-2.000000 0
-2.000000 0
2.216070 3
-2.000000 0
-2.000000 0
2.068139 24
-2.000000 0
-2.000000 0
1.961905 24
-2.000000 0
-2.000000 0
1.945603 24
-2.000000 0
-2.000000 0
1.911984 24
-2.000000 0
2.424844 12
1.920962 12
3.211382 12
2.424844 12
2.216070 12
3.487869 12
2.424844 12
2.321582 4
3.619177 14
2.424844 12
2.486670 5
3.579072 14
2.424844 12
2.429222 24
3.489519 14
2.424844 12
2.393013 24
3.437412 14
2.424844 12
2.424844 5
2.794917 17
2.424844 12
1.431594 2
2.530722 12
2.424844 12
2.216070 12
3.487869 12
2.424844 12
2.582658 0
3.722044 14
2.424844 12
2.486670 2
3.579072 14
2.424844 12
2.416982 24
3.474601 14
2.424844 12
-2.000000 0
-2.000000 0
2.424844 12
2.424844 2
2.794917 14
2.661681 5
1.945374 4
3.490318 12
2.424844 12
2.455175 18
3.548163 12
2.424844 12
2.436591 24
3.504069 14
2.424844 12
2.400248 24
3.450904 14
2.424844 12
2.424844 3
2.794917 15
2.661681 4
1.431594 2
2.773226 12
-2.000000 0
2.216070 12
-2.000000 0
2.661681 2
2.582658 0
4.028312 14
2.424844 12
2.486670 2
3.579072 14
2.424844 12
2.416982 24
3.474601 14
2.424844 12
1.945374 5
3.211382 12
2.424844 12
2.216070 12
3.487869 12
2.661681 3
2.321582 4
3.919939 14
2.424844 12
2.486670 3
3.579072 14
2.424844 12
2.429222 24
3.489519 14
2.424844 12
2.393013 24
3.437412 14
2.424844 12
2.455175 18
3.548163 12
2.424844 12
2.582658 0
3.722044 15
2.424844 12
2.486670 2
3.579072 14
2.424844 12
2.398637 2
3.489519 14
2.424844 12
2.400248 24
3.437412 15
2.424844 12
2.372410 24
3.415341 14
1.886510 13
1.862065 5
2.322594 11
1.945374 25
2.031206 12
2.562958 12
2.098104 11
2.281811 4
2.754526 12
1.945374 25
2.510473 4
2.832080 13
1.886510 13
2.597552 5
2.832516 11
1.858002 13
2.576074 24
2.802115 25
1.957614 13
2.424844 5
3.211382 11
2.148793 7
1.380654 2
1.783778 8
2.385726 7
2.043496 4
2.652164 13
2.148793 7
2.486670 12
3.079890 13
1.957614 13
2.634931 0
3.062009 11
1.886510 13
2.597552 2
2.956591 25
2.148793 7
-2.000000 0
-2.000000 0
1.822947 13
2.424844 2
2.561777 8
2.424844 5
1.862065 2
3.037249 17
1.822947 13
2.397180 4
2.673380 13
2.148793 7
2.588521 18
3.380822 7
1.945374 25
2.578423 24
3.128056 25
2.385726 7
2.424844 3
3.238980 9
2.424844 4
1.380654 2
2.409350 16
-2.000000 0
2.043496 4
-2.000000 0
2.424844 2
2.486670 12
3.579072 14
2.385726 7
2.634931 0
3.766593 7
2.098104 8
2.597552 2
3.350764 8
2.148793 7
1.862065 3
2.340435 9
1.822947 13
2.043496 5
2.322448 13
2.424844 3
2.281811 4
3.481337 15
1.822947 13
2.510473 4
2.807468 13
2.148793 7
2.597552 3
3.419816 7
1.945374 25
2.576074 24
3.149931 25
1.957614 13
2.353756 12
2.748190 13
2.148793 7
2.486670 12
3.079890 13
2.385726 7
2.491959 30
3.507631 7
2.148793 7
2.545312 24
3.390316 7
1.957614 13
2.578423 24
3.128887 25
1.886510 13
2.558505 24
2.975852 25
2.353756 10
1.839595 5
2.664865 11
2.455175 10
1.883745 12
2.308478 10
2.567500 7
2.239967 4
2.858693 10
2.455175 8
2.491004 4
3.218205 10
2.353756 8
2.601809 4
3.437685 10
2.262185 8
2.640583 5
3.586899 11
2.394478 7
2.424844 5
3.481337 23
2.092173 9
1.360985 2
1.838045 8
2.098104 13
1.958983 4
2.051589 13
2.092173 9
2.416982 4
2.859177 10
2.394478 7
2.597552 12
3.475939 10
2.353756 11
2.654765 0
3.719822 11
2.040662 9
-2.000000 0
-2.000000 0
1.478138 13
2.424844 2
2.409350 20
2.424844 5
1.839595 2
2.942925 17
1.478138 13
2.353804 4
2.187051 13
2.092173 10
2.567077 4
3.310051 10
2.455175 11
2.637871 18
3.868768 11
2.098104 13
2.424844 3
3.037249 21
2.424844 4
1.360985 2
2.326783 16
-2.000000 0
1.958983 4
-2.000000 0
2.424844 2
2.416982 4
3.474601 14
2.098104 13
2.597552 12
3.350764 13
2.567500 7
2.654765 0
4.038100 7
2.040662 11
1.839595 3
2.058716 9
1.478138 13
1.942699 5
1.765894 10
2.424844 3
2.239967 4
3.378697 15
1.478138 13
2.491004 4
2.381709 13
2.092173 10
2.601809 4
3.369881 10
2.455175 9
2.640583 3
3.895499 31
2.394478 7
2.262185 12
2.488493 13
2.040662 8
2.398637 12
2.747760 13
2.098104 13
2.475173 4
3.086428 13
2.040662 10
2.585435 4
3.276050 10
2.394478 7
2.637871 18
3.802601 7
2.353756 9
2.626574 3
3.743884 9
2.031206 10
2.385726 0
2.652164 5
2.216070 11
2.148793 0
2.297937 18
2.040662 31
1.957614 18
2.075377 18
2.216070 11
1.886510 18
2.127128 19
2.031206 8
1.851441 18
1.982091 19
1.883745 8
1.836213 18
1.861802 19
2.216070 10
2.424844 5
3.487869 11
2.447827 7
1.822947 18
2.235425 18
2.148793 7
2.148793 0
2.340435 5
2.447827 7
1.945374 30
2.456559 19
2.216070 8
1.862065 18
2.182332 19
2.031206 8
1.839595 18
1.982091 19
2.447827 7
-2.000000 0
-2.000000 0
1.657016 25
2.424844 2
2.650737 8
2.424844 5
2.385726 0
3.238980 5
1.657016 25
2.098104 2
1.799394 2
2.447827 7
1.892534 30
2.456559 19
2.216070 8
1.841009 18
2.127128 19
2.148793 7
2.424844 3
3.313010 9
2.424844 4
1.822947 18
2.561777 4
-2.000000 0
2.148793 0
-2.000000 0
2.424844 2
1.945374 30
3.211382 2
2.148793 7
1.862065 18
2.340435 19
2.040662 31
1.839595 18
2.058716 19
2.447827 7
2.385726 0
2.542194 3
1.657016 25
2.148793 0
1.791653 25
2.424844 3
1.957614 18
3.211382 3
1.657016 25
1.886510 18
1.783778 2
2.447827 7
1.851441 18
2.456559 19
2.216070 8
1.836213 18
2.127128 19
2.216070 9
2.098104 3
2.182332 19
2.447827 7
1.945374 30
2.456559 19
2.148793 7
1.886510 18
2.340435 19
2.447827 7
1.858002 18
2.456559 19
2.216070 8
1.841009 18
2.182332 19
2.031206 8
1.832542 18
1.982091 19
1.402052 19
2.148793 0
1.783778 24
1.431594 19
2.447827 0
2.006951 24
1.478138 11
2.216070 2
1.953875 24
1.431594 19
2.068139 30
1.817909 25
1.402052 19
1.955059 30
1.717758 25
1.377098 19
1.867392 30
1.649179 25
1.464293 19
2.424844 5
2.530722 11
1.657016 11
1.657016 18
1.321551 6
1.822947 11
2.447827 0
2.235425 11
1.657016 11
2.216070 2
2.065995 25
1.464293 19
2.043496 30
1.857172 25
1.402052 19
1.942699 30
1.706866 25
1.657016 10
-2.000000 0
-2.000000 0
2.135195 7
2.424844 2
2.619174 8
2.424844 5
2.148793 0
3.313010 5
2.135195 7
2.092173 30
2.439796 25
1.657016 8
1.971073 30
1.935256 25
1.431594 19
1.873436 30
1.731804 25
1.822947 10
2.424844 3
2.530722 9
2.424844 4
1.657016 18
2.650737 4
-2.000000 0
2.447827 0
-2.000000 0
2.424844 2
2.216070 2
3.487869 2
1.822947 8
2.043496 30
2.322448 8
1.478138 8
1.942699 30
1.765894 25
1.657016 10
2.148793 0
1.791653 10
2.135195 7
2.447827 0
2.619894 7
2.424844 3
2.216070 2
3.487869 3
2.135195 7
2.068139 30
2.436911 25
1.657016 8
1.955059 30
1.928691 25
1.431594 19
1.867392 30
1.722994 25
1.464293 19
2.092173 30
1.869570 25
1.657016 9
2.216070 3
2.065995 25
1.822947 9
2.068139 30
2.322448 9
1.657016 9
1.961905 30
1.929181 25
1.464293 19
1.875952 30
1.767673 25
1.402052 19
1.828718 30
1.668296 25
2.424844 18
1.957614 5
3.211382 18
2.424844 18
2.216070 12
3.487869 18
2.424844 18
2.548407 0
3.624392 20
2.424844 18
2.415908 2
3.481337 20
2.424844 18
2.308217 24
3.393353 20
2.424844 18
2.247641 24
3.342160 20
2.424844 18
2.424844 5
2.794917 23
2.424844 18
1.464293 2
2.530722 18
2.424844 18
2.216070 12
3.487869 18
2.424844 18
2.321582 24
3.619177 20
2.424844 18
2.281811 24
3.481337 20
2.424844 18
2.239967 24
3.378697 20
2.424844 18
-2.000000 0
-2.000000 0
2.424844 18
2.424844 2
2.794917 20
2.661681 5
1.957614 2
3.490318 18
2.424844 18
2.394478 0
3.493752 18
2.424844 18
2.279638 2
3.407648 20
2.424844 18
2.255662 24
3.355414 20
2.424844 18
2.424844 3
2.794917 21
2.661681 4
1.464293 2
2.773226 18
-2.000000 0
2.216070 12
-2.000000 0
2.661681 2
2.321582 24
3.919939 14
2.424844 18
2.281811 24
3.481337 20
2.424844 18
2.239967 24
3.378697 20
2.424844 18
1.957614 3
3.211382 18
2.424844 18
2.216070 12
3.487869 18
2.661681 3
2.548407 0
3.925434 15
2.424844 18
2.415908 2
3.481337 20
2.424844 18
2.308217 24
3.393353 20
2.424844 18
2.247641 24
3.342160 20
2.424844 18
2.394478 0
3.493752 18
2.424844 18
2.321582 24
3.619177 21
2.424844 18
2.415908 3
3.481337 20
2.424844 18
2.315007 24
3.393353 20
2.424844 18
2.257366 24
3.342160 21
2.424844 18
2.224652 24
3.320474 20
1.402052 13
1.886510 5
1.783778 12
1.431594 13
2.031206 12
1.994180 12
1.478138 11
2.415908 12
2.165363 12
1.431594 13
2.613133 0
2.230558 19
1.402052 13
2.550877 2
2.120849 19
1.377098 13
2.503026 24
2.045511 19
1.464293 13
2.424844 5
2.530722 11
1.657016 11
1.402052 2
1.315505 11
1.822947 11
2.068139 4
2.050815 13
1.657016 11
2.486670 18
2.446676 19
1.464293 13
2.510473 24
2.278026 19
1.402052 13
2.491004 24
2.109919 19
1.657016 10
-2.000000 0
-2.000000 0
2.135195 7
2.424844 2
2.619174 8
2.424844 5
1.886510 2
3.037249 17
2.135195 7
2.353756 18
3.051293 7
1.657016 8
2.477835 24
2.502013 7
1.431594 13
2.506194 24
2.205635 8
1.822947 10
2.424844 3
2.530722 9
2.424844 4
1.402052 2
2.409350 16
-2.000000 0
2.068139 4
-2.000000 0
2.424844 2
2.486670 18
3.579072 14
1.822947 8
2.510473 24
2.807468 8
1.478138 8
2.491004 24
2.381709 8
1.657016 10
1.886510 3
1.783778 12
2.135195 7
2.068139 5
2.436911 10
2.424844 3
2.415908 12
3.481337 15
2.135195 7
2.613133 0
3.409942 7
1.657016 8
2.550877 2
2.735849 8
1.431594 13
2.503026 24
2.349028 8
1.464293 13
2.353756 18
2.156323 19
1.657016 9
2.486670 18
2.446676 19
1.822947 9
2.613133 0
2.741232 9
1.657016 9
2.550877 2
2.735849 9
1.464293 13
2.508017 24
2.349028 8
1.402052 13
2.482650 24
2.125779 8
2.068139 25
1.851441 5
2.562958 11
2.216070 11
1.883745 12
2.089559 6
2.092173 25
2.308217 4
2.536254 10
2.216070 11
2.550877 12
2.901213 11
2.068139 25
2.644332 0
3.141240 11
1.961905 25
2.617882 2
3.089387 25
2.216070 10
2.424844 5
3.487869 11
2.447827 7
1.371355 2
2.006951 8
2.148793 7
1.982063 4
2.356277 10
2.447827 7
2.429222 4
3.187684 7
2.216070 8
2.597552 18
3.371088 11
2.068139 25
2.601809 24
3.235159 25
2.447827 7
-2.000000 0
-2.000000 0
1.657016 13
2.424844 2
2.650737 8
2.424844 5
1.851441 2
2.956394 17
1.657016 13
2.357749 4
2.396347 10
2.447827 7
2.558184 4
3.700528 7
2.216070 8
2.615995 30
3.403965 25
2.148793 7
2.424844 3
3.313010 9
2.424844 4
1.371355 2
2.338574 16
-2.000000 0
1.982063 4
-2.000000 0
2.424844 2
2.429222 4
3.489519 14
2.148793 7
2.597552 18
3.419816 7
2.092173 25
2.601809 24
3.369881 25
2.447827 7
1.851441 3
2.456559 9
1.657016 13
1.955059 5
1.928691 10
2.424844 3
2.308217 4
3.393353 15
1.657016 13
2.550877 12
2.735849 13
2.447827 7
2.644332 0
3.890185 7
2.216070 8
2.617882 2
3.554821 8
2.216070 9
2.262185 12
2.771750 10
2.447827 7
2.398637 12
3.170857 7
2.148793 7
2.550877 12
3.221699 7
2.447827 7
2.578345 4
3.790239 7
2.216070 8
2.617882 3
3.554821 9
2.068139 25
2.600814 24
3.342801 25
2.486670 10
1.836213 5
2.786432 11
2.582658 7
1.804930 4
2.379390 10
2.455175 19
2.247641 4
2.935263 10
2.582658 7
2.503026 4
3.344075 10
2.486670 8
2.617882 12
3.561776 10
2.398637 8
2.657733 0
3.707504 11
2.321582 9
2.424844 5
3.619177 17
2.216070 13
1.358025 2
1.907398 8
1.945374 9
1.934171 4
1.952229 9
2.216070 13
2.393013 4
2.886290 10
2.321582 9
2.576074 4
3.542086 10
2.486670 11
2.640583 18
3.825710 11
2.216070 13
-2.000000 0
-2.000000 0
1.431594 10
2.424844 2
2.520232 14
2.424844 5
1.836213 2
2.909347 17
1.431594 8
2.332690 4
2.031010 11
2.216070 13
2.548467 4
3.366286 10
2.582658 7
2.622430 18
3.965776 7
1.920962 13
2.424844 3
3.163921 15
2.424844 4
1.358025 2
2.297392 16
-2.000000 0
1.934171 4
-2.000000 0
2.424844 2
2.393013 4
3.437412 14
1.945374 10
2.576074 4
3.149931 10
2.455175 19
2.640583 18
3.895499 11
2.216070 13
1.836213 3
2.127128 9
1.431594 9
1.867392 5
1.722994 10
2.424844 3
2.247641 4
3.342160 15
1.431594 8
2.503026 4
2.349028 13
2.216070 13
2.617882 12
3.554821 13
2.582658 7
2.657733 0
4.091540 7
2.298610 31
2.179504 12
2.503473 13
2.216070 13
2.317899 12
2.809202 13
1.920962 13
2.491959 12
2.885168 13
2.216070 13
2.570715 4
3.453477 13
2.321582 10
2.626472 4
3.707612 10
2.486670 9
2.647070 3
3.950849 9
2.415908 11
2.098104 18
2.758518 11
2.298610 8
2.040662 4
2.255795 6
2.394478 7
2.394478 0
2.448674 6
2.298610 10
2.353756 5
2.597251 11
2.415908 11
2.262185 2
2.393592 11
2.298610 8
2.179504 2
2.185364 8
2.548407 7
2.424844 5
3.624392 23
2.216070 19
1.478138 18
1.953875 8
1.957614 11
2.092173 4
2.083667 11
2.216070 19
2.455175 5
2.871108 25
2.548407 7
2.353756 2
2.635375 25
2.415908 8
2.262185 2
2.393592 8
2.216070 19
-2.000000 0
-2.000000 0
1.464293 10
2.424844 2
2.520232 20
2.424844 5
2.098104 18
3.048659 5
1.464293 8
2.567500 0
2.159034 11
2.216070 19
2.455175 2
2.771750 25
2.298610 9
2.353756 2
2.513671 8
1.957614 10
2.424844 3
3.163921 21
2.424844 4
1.478138 18
2.419338 4
-2.000000 0
2.092173 4
-2.000000 0
2.424844 2
2.455175 3
3.548163 2
1.957614 8
2.353756 2
2.748190 8
2.394478 7
2.262185 2
2.488493 8
2.216070 19
2.098104 18
2.182332 9
1.464293 9
2.092173 5
1.869570 10
2.424844 3
2.394478 0
3.493752 3
1.464293 8
2.353756 3
2.156323 9
2.216070 19
2.262185 2
2.771750 25
2.298610 11
2.179504 2
2.503473 8
2.548407 7
2.567500 0
2.741954 7
2.216070 19
2.455175 2
2.871108 25
1.957614 9
2.353756 2
2.703181 9
2.216070 19
2.262185 2
2.771750 25
2.548407 7
2.179504 2
2.542337 25
2.415908 8
2.104852 2
2.306120 8
2.031206 10
1.920962 18
2.562958 11
2.216070 11
2.216070 18
2.159126 6
2.040662 13
2.321582 4
2.536586 10
2.216070 11
2.486670 5
2.909339 11
2.031206 8
2.398637 2
2.617475 8
1.883745 8
2.317899 2
2.386472 8
2.216070 10
2.424844 5
3.487869 11
2.447827 7
1.431594 2
2.006951 8
2.148793 7
2.216070 18
2.432559 10
2.447827 7
2.582658 0
3.279922 7
2.216070 8
2.486670 2
2.909339 8
2.031206 8
2.398637 2
2.617475 8
2.447827 7
-2.000000 0
-2.000000 0
1.657016 19
2.424844 2
2.650737 8
2.424844 5
1.945374 4
3.163921 23
1.657016 19
2.455175 12
2.412048 11
2.447827 7
2.398637 3
3.170857 7
2.216070 8
2.318896 24
2.809202 8
2.148793 7
2.424844 3
3.313010 9
2.424844 4
1.431594 2
2.520232 22
-2.000000 0
2.216070 18
-2.000000 0
2.424844 2
2.582658 0
3.722044 20
2.148793 7
2.486670 2
3.079890 8
2.040662 13
2.398637 2
2.747760 8
2.447827 7
1.945374 5
2.456559 9
1.657016 19
2.216070 18
2.065995 10
2.424844 3
2.321582 4
3.619177 21
1.657016 19
2.486670 3
2.446676 9
2.447827 7
2.398637 2
3.170857 7
2.216070 8
2.317899 2
2.809202 8
2.216070 9
2.455175 12
2.871108 10
2.447827 7
2.582658 0
3.279922 7
2.148793 7
2.486670 2
3.073163 25
2.447827 7
2.398637 2
3.170857 7
2.216070 8
2.321733 24
2.809202 8
2.031206 8
2.278905 24
2.525902 8
1.886510 19
1.886510 5
2.322594 11
1.920962 11
2.031206 12
2.562958 18
2.098104 11
2.415908 18
2.758518 18
1.920962 11
2.613133 0
2.751730 19
1.886510 19
2.550877 2
2.626206 19
1.858002 19
2.491959 2
2.540869 19
1.957614 19
2.424844 5
3.211382 11
2.148793 7
1.402052 2
1.783778 8
2.385726 7
2.068139 4
2.652164 19
2.148793 7
2.486670 12
2.980708 19
1.957614 19
2.491959 3
2.844673 11
1.886510 19
2.475173 24
2.612652 19
2.148793 7
-2.000000 0
-2.000000 0
1.822947 19
2.424844 2
2.561777 8
2.424844 5
1.886510 2
3.037249 17
1.822947 19
2.353756 12
2.633149 19
2.148793 7
2.471707 24
3.178414 7
1.920962 8
2.492899 24
2.844673 8
2.385726 7
2.424844 3
3.238980 9
2.424844 4
1.402052 2
2.409350 16
-2.000000 0
2.068139 4
-2.000000 0
2.424844 2
2.486670 12
3.579072 14
2.385726 7
2.491959 5
3.507631 7
2.098104 8
2.475173 24
3.086428 8
2.148793 7
1.886510 3
2.340435 9
1.822947 19
2.068139 5
2.322448 19
2.424844 3
2.415908 18
3.481337 15
1.822947 19
2.613133 0
2.741232 19
2.148793 7
2.550877 2
3.221699 7
1.920962 8
2.491959 2
2.885168 8
1.957614 19
2.353756 12
2.703181 19
2.148793 7
2.486670 12
3.073163 10
2.385726 7
2.613133 0
3.580820 7
2.148793 7
2.550877 2
3.244654 25
1.957614 19
2.495882 24
2.901864 8
1.886510 19
2.460579 24
2.646282 8
2.031206 10
1.858002 5
2.562958 11
2.216070 11
1.888287 4
2.090509 6
2.040662 25
2.315007 4
2.524322 10
2.216070 11
2.550877 12
2.885315 11
2.031206 8
2.578345 24
3.117996 11
1.888287 25
2.570715 24
2.935988 11
2.216070 10
2.424844 5
3.487869 11
2.447827 7
1.377098 2
2.006951 8
2.148793 7
1.961905 4
2.342147 10
2.447827 7
2.398637 12
3.170857 7
2.216070 8
2.545312 4
3.367483 11
2.031206 8
2.585435 24
3.131178 11
2.447827 7
-2.000000 0
-2.000000 0
1.657016 19
2.424844 2
2.650737 8
2.424844 5
1.858002 2
2.956394 17
1.657016 19
2.358577 4
2.393395 10
2.447827 7
2.551767 4
3.696702 7
2.216070 8
2.602236 24
3.377437 8
2.148793 7
2.424844 3
3.313010 9
2.424844 4
1.377098 2
2.338574 16
-2.000000 0
1.961905 4
-2.000000 0
2.424844 2
2.398637 12
3.489519 14
2.148793 7
2.545312 4
3.390316 7
2.040662 25
2.585435 24
3.276050 25
2.447827 7
1.858002 3
2.456559 9
1.657016 19
1.961905 5
1.929181 10
2.424844 3
2.315007 4
3.393353 15
1.657016 19
2.550877 12
2.735849 19
2.447827 7
2.578345 24
3.790239 7
2.216070 8
2.570715 24
3.453477 8
2.216070 9
2.262185 12
2.771750 10
2.447827 7
2.398637 12
3.170857 7
2.148793 7
2.550877 12
3.244654 10
2.447827 7
2.638531 0
3.827655 7
2.216070 8
2.605323 2
3.494276 25
2.031206 8
2.578061 24
3.225712 25
2.415908 11
1.841009 5
2.758518 11
2.321582 25
1.818852 4
2.305672 10
2.394478 7
2.257366 4
2.864098 10
2.321582 25
2.508017 4
3.242276 10
2.415908 11
2.617882 18
3.482804 11
2.315007 25
2.626472 24
3.471638 25
2.548407 7
2.424844 5
3.624392 17
2.216070 13
1.362223 2
1.953875 8
1.957614 11
1.945603 4
2.092414 10
2.216070 13
2.400248 4
3.041717 10
2.548407 7
2.578423 4
3.663144 7
2.415908 8
2.637871 5
3.597013 25
2.216070 13
-2.000000 0
-2.000000 0
1.464293 10
2.424844 2
2.520232 14
2.424844 5
1.841009 2
2.909347 23
1.464293 8
2.371066 4
2.079044 11
2.216070 13
2.583811 4
3.359506 19
2.321582 25
2.653522 0
3.652894 7
1.957614 10
2.424844 3
3.163921 15
2.424844 4
1.362223 2
2.297392 22
-2.000000 0
1.945603 4
-2.000000 0
2.424844 2
2.400248 4
3.437412 20
1.957614 8
2.578423 4
3.128887 10
2.394478 7
2.637871 3
3.802601 7
2.216070 13
1.841009 3
2.182332 9
1.464293 9
1.875952 5
1.767673 10
2.424844 3
2.257366 4
3.342160 21
1.464293 8
2.508017 4
2.349028 13
2.216070 13
2.617882 18
3.554821 19
2.321582 25
2.626472 24
3.707612 25
2.548407 7
2.179504 12
2.542337 10
2.216070 13
2.321733 4
2.809202 13
1.957614 9
2.495882 4
2.901864 13
2.216070 13
2.605323 12
3.494276 10
2.548407 7
2.653522 0
4.027109 7
2.415908 8
2.637871 2
3.832976 8
2.613133 7
1.832542 5
2.701762 11
2.486670 19
1.780406 4
2.306987 10
2.353756 19
2.224652 4
2.918538 10
2.486670 19
2.482650 4
3.390211 10
2.613133 7
2.600814 4
3.679108 10
2.550877 8
2.647070 18
3.799520 11
2.415908 13
2.424844 5
3.481337 17
2.068139 9
1.354811 2
1.777760 8
1.886510 11
1.911984 4
1.888706 9
2.068139 9
2.372410 4
2.834951 10
2.415908 13
2.558505 4
3.543727 10
2.613133 7
2.626574 18
3.887360 7
2.031206 13
-2.000000 0
-2.000000 0
1.402052 10
2.424844 2
2.409350 14
2.424844 5
1.832542 2
2.889419 17
1.402052 8
2.339523 4
1.972045 11
2.068139 10
2.559732 4
3.195417 10
2.486670 19
2.637871 12
3.821987 19
1.886510 10
2.424844 3
3.037249 15
2.424844 4
1.354811 2
2.279948 16
-2.000000 0
1.911984 4
-2.000000 0
2.424844 2
2.372410 4
3.415341 14
1.886510 8
2.558505 4
2.975852 10
2.353756 19
2.626574 18
3.743884 19
2.031206 13
1.832542 3
1.982091 9
1.402052 9
1.828718 5
1.668296 10
2.424844 3
2.224652 4
3.320474 15
1.402052 8
2.482650 4
2.125779 13
2.068139 10
2.600814 4
3.342801 10
2.486670 19
2.647070 18
3.950849 19
2.415908 13
2.104852 12
2.306120 13
2.031206 13
2.278905 4
2.525902 13
1.886510 9
2.460579 4
2.646282 13
2.031206 13
2.578061 4
3.225712 10
2.415908 13
2.637871 12
3.832976 13
2.613133 7
2.660951 0
4.138591 7
