0.000000 0
0.000000 0
3.000000 10
4.500000 11
8.500000 10
3.500000 10
4.500000 12
9.000000 14
4.000000 11
4.500000 12
9.500000 15
3.500000 8
4.500000 12
9.000000 12
3.000000 8
4.500000 12
8.500000 8
3.000000 8
4.500000 12
8.500000 12
3.500000 10
5.000000 11
9.000000 11
4.000000 10
4.500000 8
9.500000 14
4.500000 11
4.500000 12
9.500000 15
4.000000 8
4.500000 12
9.500000 12
3.500000 8
4.500000 12
9.000000 12
3.000000 8
4.500000 12
8.500000 8
4.000000 10
4.500000 9
9.500000 14
4.500000 10
5.000000 8
9.500000 14
5.000000 11
4.500000 8
10.000000 15
4.500000 8
4.500000 12
9.500000 12
4.000000 8
4.500000 12
9.500000 12
3.500000 8
4.500000 12
9.000000 12
4.500000 10
5.000000 9
9.500000 14
5.000000 10
4.500000 8
10.000000 14
4.500000 8
4.500000 12
9.500000 12
5.000000 8
4.500000 12
10.000000 12
4.500000 8
4.500000 12
9.500000 12
4.000000 8
4.500000 12
9.500000 12
4.000000 9
4.500000 9
9.500000 13
4.500000 9
4.500000 12
9.500000 13
5.000000 9
4.500000 12
10.000000 13
4.500000 8
4.500000 12
9.500000 12
4.000000 8
4.500000 12
9.500000 12
3.500000 8
4.500000 12
9.000000 12
3.500000 9
4.500000 13
9.000000 13
4.000000 9
4.500000 12
9.500000 13
4.500000 9
4.500000 12
9.500000 13
4.000000 8
4.500000 12
9.500000 12
3.500000 8
4.500000 12
9.000000 12
3.000000 8
4.500000 12
8.500000 8
3.500000 10
4.500000 3
9.000000 11
3.500000 2
4.000000 0
9.000000 2
4.000000 3
4.000000 0
9.000000 3
3.500000 0
4.000000 0
9.000000 0
3.500000 8
4.000000 0
8.500000 0
3.500000 8
4.000000 0
8.000000 0
3.500000 2
5.000000 3
9.000000 2
4.000000 2
4.500000 0
9.000000 2
4.500000 3
4.000000 0
9.500000 3
4.000000 0
4.000000 0
9.000000 0
3.500000 0
4.000000 0
9.000000 0
3.500000 8
4.000000 0
8.500000 0
4.000000 2
4.500000 1
9.000000 2
4.500000 2
5.000000 0
9.500000 2
5.000000 3
4.500000 0
9.500000 3
4.500000 0
4.000000 0
9.500000 0
4.000000 0
4.000000 0
9.000000 0
3.500000 0
4.000000 0
9.000000 0
4.500000 2
5.000000 1
9.500000 2
5.000000 2
4.500000 0
9.500000 2
4.500000 0
4.000000 0
9.500000 0
5.000000 0
4.000000 0
9.500000 0
4.500000 0
4.000000 0
9.500000 0
4.000000 0
4.000000 0
9.000000 0
4.000000 1
4.500000 1
9.000000 1
4.500000 1
4.000000 0
9.500000 1
5.000000 1
4.000000 0
9.500000 1
4.500000 0
4.000000 0
9.500000 0
4.000000 0
4.000000 0
9.000000 0
3.500000 0
4.000000 0
9.000000 0
3.500000 1
4.000000 1
9.000000 1
4.000000 1
4.000000 0
9.000000 1
4.500000 1
4.000000 0
9.500000 1
4.000000 0
4.000000 0
9.000000 0
3.500000 0
4.000000 0
9.000000 0
3.500000 8
4.000000 0
8.500000 0
4.000000 14
4.500000 3
9.500000 15
4.000000 12
4.000000 0
9.000000 12
4.000000 3
3.500000 0
9.000000 3
4.000000 12
3.500000 0
8.500000 0
4.000000 12
3.500000 0
8.500000 0
4.000000 12
3.500000 0
8.000000 0
4.000000 13
5.000000 3
9.500000 15
4.000000 2
4.500000 0
9.500000 12
4.500000 3
4.000000 0
9.000000 3
4.000000 0
3.500000 0
9.000000 0
4.000000 12
3.500000 0
8.500000 0
4.000000 12
3.500000 0
8.500000 0
4.000000 2
4.500000 1
9.500000 13
4.500000 2
5.000000 0
9.500000 12
5.000000 3
4.500000 0
9.500000 12
4.500000 0
4.000000 0
9.000000 0
4.000000 0
3.500000 0
9.000000 0
4.000000 12
3.500000 0
8.500000 0
4.500000 2
5.000000 1
9.500000 13
5.000000 2
4.500000 0
9.500000 12
4.500000 0
4.000000 0
9.000000 0
5.000000 0
3.500000 0
9.000000 0
4.500000 0
3.500000 0
9.000000 0
4.000000 0
3.500000 0
9.000000 0
4.000000 1
4.500000 1
9.500000 13
4.500000 1
4.000000 0
9.000000 1
5.000000 1
3.500000 0
9.000000 0
4.500000 0
3.500000 0
9.000000 0
4.000000 0
3.500000 0
9.000000 0
4.000000 12
3.500000 0
8.500000 0
4.000000 13
4.000000 1
9.000000 13
4.000000 1
3.500000 0
9.000000 1
4.500000 1
3.500000 0
9.000000 1
4.000000 0
3.500000 0
9.000000 0
4.000000 12
3.500000 0
8.500000 0
4.000000 12
3.500000 0
8.500000 0
3.500000 2
4.500000 3
9.000000 3
3.500000 0
4.000000 0
9.000000 0
4.000000 3
3.500000 0
8.500000 0
3.500000 0
3.000000 0
8.500000 0
3.500000 0
3.000000 0
8.000000 0
3.500000 0
3.000000 0
8.000000 0
3.500000 1
5.000000 3
9.000000 1
4.000000 2
4.500000 0
9.000000 0
4.500000 3
4.000000 0
9.000000 0
4.000000 0
3.500000 0
8.500000 0
3.500000 0
3.000000 0
8.500000 0
3.500000 0
3.000000 0
8.000000 0
4.000000 2
4.500000 1
9.000000 1
4.500000 2
5.000000 0
9.000000 0
5.000000 3
4.500000 0
9.000000 0
4.500000 0
4.000000 0
9.000000 0
4.000000 0
3.500000 0
8.500000 0
3.500000 0
3.000000 0
8.500000 0
4.500000 2
5.000000 1
9.000000 1
5.000000 2
4.500000 0
9.000000 0
4.500000 0
4.000000 0
9.000000 0
5.000000 0
3.500000 0
9.000000 0
4.500000 0
3.000000 0
8.500000 0
4.000000 0
3.000000 0
8.500000 0
4.000000 1
4.500000 1
9.000000 1
4.500000 1
4.000000 0
9.000000 0
5.000000 1
3.500000 0
9.000000 1
4.500000 0
3.000000 0
8.500000 0
4.000000 0
3.000000 0
8.500000 0
3.500000 0
3.000000 0
8.500000 0
3.500000 1
4.000000 1
9.000000 1
4.000000 1
3.500000 0
8.500000 0
4.500000 1
3.000000 0
8.500000 0
4.000000 0
3.000000 0
8.500000 0
3.500000 0
3.000000 0
8.500000 0
3.500000 0
3.000000 0
8.000000 0
3.000000 2
4.500000 3
8.500000 2
3.500000 2
4.000000 0
8.500000 0
4.000000 3
3.500000 0
8.500000 0
3.500000 0
3.000000 0
8.000000 0
3.000000 0
2.500000 0
8.000000 0
3.000000 0
2.500000 0
7.500000 0
3.500000 2
5.000000 3
9.000000 3
4.000000 2
4.500000 0
8.500000 0
4.500000 3
4.000000 0
8.500000 0
4.000000 0
3.500000 0
8.500000 0
3.500000 0
3.000000 0
8.000000 0
3.000000 0
2.500000 0
8.000000 0
4.000000 2
4.500000 1
8.500000 1
4.500000 2
5.000000 0
9.000000 0
5.000000 3
4.500000 0
9.000000 3
4.500000 0
4.000000 0
8.500000 0
4.000000 0
3.500000 0
8.500000 0
3.500000 0
3.000000 0
8.000000 0
4.500000 2
5.000000 1
9.000000 1
5.000000 2
4.500000 0
9.000000 2
4.500000 0
4.000000 0
8.500000 0
5.000000 0
3.500000 0
9.000000 0
4.500000 0
3.000000 0
8.500000 0
4.000000 0
2.500000 0
8.000000 0
4.000000 1
4.500000 1
8.500000 1
4.500000 1
4.000000 0
8.500000 0
5.000000 1
3.500000 0
9.000000 1
4.500000 0
3.000000 0
8.500000 0
4.000000 0
2.500000 0
8.000000 0
3.500000 0
2.500000 0
8.000000 0
3.500000 1
4.000000 1
8.500000 1
4.000000 1
3.500000 0
8.500000 0
4.500000 1
3.000000 0
8.500000 1
4.000000 0
2.500000 0
8.000000 0
3.500000 0
2.500000 0
8.000000 0
3.000000 0
2.500000 0
8.000000 0
3.000000 2
4.500000 3
8.500000 3
3.500000 2
4.000000 0
8.000000 0
4.000000 3
3.500000 0
8.000000 0
3.500000 0
3.000000 0
8.000000 0
3.000000 0
2.500000 0
7.500000 0
2.500000 0
2.000000 0
7.500000 0
3.500000 2
5.000000 3
9.000000 3
4.000000 2
4.500000 0
8.500000 0
4.500000 3
4.000000 0
8.500000 3
4.000000 0
3.500000 0
8.000000 0
3.500000 0
3.000000 0
8.000000 0
3.000000 0
2.500000 0
7.500000 0
4.000000 2
4.500000 1
8.500000 1
4.500000 2
5.000000 0
9.000000 0
5.000000 3
4.500000 0
9.000000 3
4.500000 0
4.000000 0
8.500000 0
4.000000 0
3.500000 0
8.000000 0
3.500000 0
3.000000 0
8.000000 0
4.500000 2
5.000000 1
9.000000 1
5.000000 2
4.500000 0
9.000000 2
4.500000 0
4.000000 0
8.500000 0
5.000000 0
3.500000 0
9.000000 0
4.500000 0
3.000000 0
8.500000 0
4.000000 0
2.500000 0
8.000000 0
4.000000 1
4.500000 1
8.500000 1
4.500000 1
4.000000 0
8.500000 1
5.000000 1
3.500000 0
9.000000 1
4.500000 0
3.000000 0
8.500000 0
4.000000 0
2.500000 0
8.000000 0
3.500000 0
2.000000 0
7.500000 0
3.500000 1
4.000000 1
8.000000 1
4.000000 1
3.500000 0
8.000000 0
4.500000 1
3.000000 0
8.500000 1
4.000000 0
2.500000 0
8.000000 0
3.500000 0
2.000000 0
7.500000 0
3.000000 0
2.000000 0
7.500000 0
3.500000 10
5.000000 14
9.000000 11
3.500000 6
5.000000 12
9.000000 6
4.000000 7
5.000000 12
9.500000 15
3.500000 4
5.000000 12
9.000000 4
3.500000 8
5.000000 12
9.000000 12
3.500000 8
5.000000 12
9.000000 12
3.500000 6
5.000000 7
9.000000 6
4.000000 6
5.000000 12
9.500000 14
4.500000 7
5.000000 12
10.000000 15
4.000000 4
5.000000 12
9.500000 12
3.500000 4
5.000000 12
9.000000 4
3.500000 8
5.000000 12
9.000000 12
4.000000 6
5.000000 13
9.500000 14
4.500000 6
5.000000 4
10.000000 14
5.000000 7
5.000000 12
10.000000 15
4.500000 4
5.000000 12
10.000000 12
4.000000 4
5.000000 12
9.500000 12
3.500000 4
5.000000 12
9.000000 4
4.500000 6
5.000000 5
10.000000 14
5.000000 6
5.000000 12
10.000000 14
4.500000 4
5.000000 12
10.000000 12
5.000000 4
5.000000 12
10.000000 12
4.500000 4
5.000000 12
10.000000 12
4.000000 4
5.000000 12
9.500000 12
4.000000 5
5.000000 13
9.500000 13
4.500000 5
5.000000 12
10.000000 13
5.000000 5
5.000000 12
10.000000 13
4.500000 4
5.000000 12
10.000000 12
4.000000 4
5.000000 12
9.500000 12
3.500000 4
5.000000 12
9.000000 4
3.500000 5
5.000000 13
9.000000 5
4.000000 5
5.000000 12
9.500000 13
4.500000 5
5.000000 12
10.000000 13
4.000000 4
5.000000 12
9.500000 12
3.500000 4
5.000000 12
9.000000 4
3.500000 8
5.000000 12
9.000000 12
4.000000 10
4.500000 2
9.500000 11
4.000000 8
4.500000 0
9.000000 2
4.000000 3
4.500000 0
9.500000 3
4.000000 8
4.500000 0
9.000000 0
4.000000 8
4.500000 0
8.500000 0
4.000000 8
4.500000 0
8.500000 0
4.000000 9
5.000000 3
9.500000 11
4.000000 2
4.500000 0
9.500000 2
4.500000 3
4.500000 0
9.500000 3
4.000000 0
4.500000 0
9.500000 0
4.000000 8
4.500000 0
9.000000 0
4.000000 8
4.500000 0
8.500000 0
4.000000 2
4.500000 1
9.500000 2
4.500000 2
5.000000 0
9.500000 2
5.000000 3
4.500000 0
10.000000 3
4.500000 0
4.500000 0
9.500000 0
4.000000 0
4.500000 0
9.500000 0
4.000000 8
4.500000 0
9.000000 0
4.500000 2
5.000000 1
9.500000 2
5.000000 2
4.500000 0
10.000000 2
4.500000 0
4.500000 0
9.500000 0
5.000000 0
4.500000 0
10.000000 0
4.500000 0
4.500000 0
9.500000 0
4.000000 0
4.500000 0
9.500000 0
4.000000 1
4.500000 1
9.500000 1
4.500000 1
4.500000 0
9.500000 1
5.000000 1
4.500000 0
10.000000 1
4.500000 0
4.500000 0
9.500000 0
4.000000 0
4.500000 0
9.500000 0
4.000000 8
4.500000 0
9.000000 0
4.000000 9
4.500000 1
9.000000 1
4.000000 1
4.500000 0
9.500000 1
4.500000 1
4.500000 0
9.500000 1
4.000000 0
4.500000 0
9.500000 0
4.000000 8
4.500000 0
9.000000 0
4.000000 8
4.500000 0
8.500000 0
4.500000 14
4.500000 3
9.500000 15
4.500000 12
4.000000 0
9.500000 12
4.500000 12
4.000000 0
9.000000 3
4.500000 12
4.000000 0
9.000000 0
4.500000 12
4.000000 0
8.500000 0
4.500000 12
4.000000 0
8.500000 12
4.500000 13
5.000000 3
10.000000 15
4.500000 12
4.500000 0
9.500000 12
4.500000 3
4.000000 0
9.500000 3
4.500000 12
4.000000 0
9.000000 0
4.500000 12
4.000000 0
9.000000 0
4.500000 12
4.000000 0
8.500000 0
4.500000 13
4.500000 1
9.500000 13
4.500000 2
5.000000 0
10.000000 12
5.000000 3
4.500000 0
9.500000 3
4.500000 0
4.000000 0
9.500000 0
4.500000 12
4.000000 0
9.000000 0
4.500000 12
4.000000 0
9.000000 0
4.500000 2
5.000000 1
10.000000 13
5.000000 2
4.500000 0
9.500000 2
4.500000 0
4.000000 0
9.500000 0
5.000000 0
4.000000 0
9.500000 0
4.500000 0
4.000000 0
9.500000 0
4.500000 12
4.000000 0
9.000000 0
4.500000 13
4.500000 1
9.500000 13
4.500000 1
4.000000 0
9.500000 1
5.000000 1
4.000000 0
9.500000 1
4.500000 0
4.000000 0
9.500000 0
4.500000 12
4.000000 0
9.000000 0
4.500000 12
4.000000 0
9.000000 0
4.500000 13
4.000000 1
9.500000 13
4.500000 12
4.000000 0
9.000000 1
4.500000 1
4.000000 0
9.500000 1
4.500000 12
4.000000 0
9.000000 0
4.500000 12
4.000000 0
9.000000 0
4.500000 12
4.000000 0
8.500000 0
4.000000 2
4.500000 3
9.500000 3
4.000000 0
4.000000 0
9.000000 0
4.000000 0
3.500000 0
9.000000 0
4.000000 0
3.500000 0
8.500000 0
4.000000 0
3.500000 0
8.500000 0
4.000000 0
3.500000 0
8.000000 0
4.000000 1
5.000000 3
9.500000 3
4.000000 0
4.500000 0
9.500000 0
4.500000 3
4.000000 0
9.000000 0
4.000000 0
3.500000 0
9.000000 0
4.000000 0
3.500000 0
8.500000 0
4.000000 0
3.500000 0
8.500000 0
4.000000 1
4.500000 1
9.500000 1
4.500000 2
5.000000 0
9.500000 0
5.000000 3
4.500000 0
9.500000 0
4.500000 0
4.000000 0
9.000000 0
4.000000 0
3.500000 0
9.000000 0
4.000000 0
3.500000 0
8.500000 0
4.500000 2
5.000000 1
9.500000 1
5.000000 2
4.500000 0
9.500000 0
4.500000 0
4.000000 0
9.000000 0
5.000000 0
3.500000 0
9.000000 0
4.500000 0
3.500000 0
9.000000 0
4.000000 0
3.500000 0
9.000000 0
4.000000 1
4.500000 1
9.500000 1
4.500000 1
4.000000 0
9.000000 0
5.000000 1
3.500000 0
9.000000 0
4.500000 0
3.500000 0
9.000000 0
4.000000 0
3.500000 0
9.000000 0
4.000000 0
3.500000 0
8.500000 0
4.000000 1
4.000000 1
9.000000 1
4.000000 0
3.500000 0
9.000000 0
4.500000 1
3.500000 0
9.000000 1
4.000000 0
3.500000 0
9.000000 0
4.000000 0
3.500000 0
8.500000 0
4.000000 0
3.500000 0
8.500000 0
3.500000 2
4.500000 3
9.000000 3
3.500000 0
4.000000 0
9.000000 0
4.000000 3
3.500000 0
8.500000 0
3.500000 0
3.000000 0
8.500000 0
3.500000 0
3.000000 0
8.000000 0
3.500000 0
3.000000 0
8.000000 0
3.500000 1
5.000000 3
9.000000 1
4.000000 2
4.500000 0
9.000000 0
4.500000 3
4.000000 0
9.000000 0
4.000000 0
3.500000 0
8.500000 0
3.500000 0
3.000000 0
8.500000 0
3.500000 0
3.000000 0
8.000000 0
4.000000 2
4.500000 1
9.000000 1
4.500000 2
5.000000 0
9.000000 0
5.000000 3
4.500000 0
9.000000 0
4.500000 0
4.000000 0
9.000000 0
4.000000 0
3.500000 0
8.500000 0
3.500000 0
3.000000 0
8.500000 0
4.500000 2
5.000000 1
9.000000 1
5.000000 2
4.500000 0
9.000000 0
4.500000 0
4.000000 0
9.000000 0
5.000000 0
3.500000 0
9.000000 0
4.500000 0
3.000000 0
8.500000 0
4.000000 0
3.000000 0
8.500000 0
4.000000 1
4.500000 1
9.000000 1
4.500000 1
4.000000 0
9.000000 0
5.000000 1
3.500000 0
9.000000 1
4.500000 0
3.000000 0
8.500000 0
4.000000 0
3.000000 0
8.500000 0
3.500000 0
3.000000 0
8.500000 0
3.500000 1
4.000000 1
9.000000 1
4.000000 1
3.500000 0
8.500000 0
4.500000 1
3.000000 0
8.500000 0
4.000000 0
3.000000 0
8.500000 0
3.500000 0
3.000000 0
8.500000 0
3.500000 0
3.000000 0
8.000000 0
3.000000 2
4.500000 3
8.500000 2
3.500000 2
4.000000 0
8.500000 0
4.000000 3
3.500000 0
8.500000 0
3.500000 0
3.000000 0
8.000000 0
3.000000 0
2.500000 0
8.000000 0
3.000000 0
2.500000 0
7.500000 0
3.500000 2
5.000000 3
9.000000 3
4.000000 2
4.500000 0
8.500000 0
4.500000 3
4.000000 0
8.500000 0
4.000000 0
3.500000 0
8.500000 0
3.500000 0
3.000000 0
8.000000 0
3.000000 0
2.500000 0
8.000000 0
4.000000 2
4.500000 1
8.500000 1
4.500000 2
5.000000 0
9.000000 0
5.000000 3
4.500000 0
9.000000 3
4.500000 0
4.000000 0
8.500000 0
4.000000 0
3.500000 0
8.500000 0
3.500000 0
3.000000 0
8.000000 0
4.500000 2
5.000000 1
9.000000 1
5.000000 2
4.500000 0
9.000000 2
4.500000 0
4.000000 0
8.500000 0
5.000000 0
3.500000 0
9.000000 0
4.500000 0
3.000000 0
8.500000 0
4.000000 0
2.500000 0
8.000000 0
4.000000 1
4.500000 1
8.500000 1
4.500000 1
4.000000 0
8.500000 0
5.000000 1
3.500000 0
9.000000 1
4.500000 0
3.000000 0
8.500000 0
4.000000 0
2.500000 0
8.000000 0
3.500000 0
2.500000 0
8.000000 0
3.500000 1
4.000000 1
8.500000 1
4.000000 1
3.500000 0
8.500000 0
4.500000 1
3.000000 0
8.500000 1
4.000000 0
2.500000 0
8.000000 0
3.500000 0
2.500000 0
8.000000 0
3.000000 0
2.500000 0
8.000000 0
4.000000 10
4.500000 6
9.500000 11
4.000000 8
4.500000 4
9.000000 6
4.000000 7
4.500000 4
9.500000 7
4.000000 8
4.500000 4
9.000000 4
4.000000 8
4.500000 4
8.500000 4
4.000000 8
4.500000 4
8.500000 4
4.000000 9
5.000000 7
9.500000 11
4.000000 6
4.500000 4
9.500000 6
4.500000 7
4.500000 4
9.500000 7
4.000000 4
4.500000 4
9.500000 4
4.000000 8
4.500000 4
9.000000 4
4.000000 8
4.500000 4
8.500000 4
4.000000 6
4.500000 5
9.500000 6
4.500000 6
5.000000 4
9.500000 6
5.000000 7
4.500000 4
10.000000 7
4.500000 4
4.500000 4
9.500000 4
4.000000 4
4.500000 4
9.500000 4
4.000000 8
4.500000 4
9.000000 4
4.500000 6
5.000000 5
9.500000 6
5.000000 6
4.500000 4
10.000000 6
4.500000 4
4.500000 4
9.500000 4
5.000000 4
4.500000 4
10.000000 4
4.500000 4
4.500000 4
9.500000 4
4.000000 4
4.500000 4
9.500000 4
4.000000 5
4.500000 5
9.500000 5
4.500000 5
4.500000 4
9.500000 5
5.000000 5
4.500000 4
10.000000 5
4.500000 4
4.500000 4
9.500000 4
4.000000 4
4.500000 4
9.500000 4
4.000000 8
4.500000 4
9.000000 4
4.000000 9
4.500000 5
9.000000 5
4.000000 5
4.500000 4
9.500000 5
4.500000 5
4.500000 4
9.500000 5
4.000000 4
4.500000 4
9.500000 4
4.000000 8
4.500000 4
9.000000 4
4.000000 8
4.500000 4
8.500000 4
4.500000 10
5.000000 2
9.500000 11
4.500000 8
5.000000 0
9.500000 8
4.500000 8
5.000000 0
9.500000 3
4.500000 8
5.000000 0
9.000000 0
4.500000 8
5.000000 0
9.000000 0
4.500000 8
5.000000 0
9.000000 0
4.500000 9
5.000000 1
10.000000 11
4.500000 8
5.000000 0
9.500000 2
4.500000 3
5.000000 0
10.000000 3
4.500000 8
5.000000 0
9.500000 0
4.500000 8
5.000000 0
9.000000 0
4.500000 8
5.000000 0
9.000000 0
4.500000 9
5.000000 1
9.500000 2
4.500000 2
5.000000 0
10.000000 2
5.000000 3
5.000000 0
10.000000 3
4.500000 0
5.000000 0
10.000000 0
4.500000 8
5.000000 0
9.500000 0
4.500000 8
5.000000 0
9.000000 0
4.500000 2
5.000000 1
10.000000 2
5.000000 2
5.000000 0
10.000000 2
4.500000 0
5.000000 0
10.000000 0
5.000000 0
5.000000 0
10.000000 0
4.500000 0
5.000000 0
10.000000 0
4.500000 8
5.000000 0
9.500000 0
4.500000 9
5.000000 1
9.500000 1
4.500000 1
5.000000 0
10.000000 1
5.000000 1
5.000000 0
10.000000 1
4.500000 0
5.000000 0
10.000000 0
4.500000 8
5.000000 0
9.500000 0
4.500000 8
5.000000 0
9.000000 0
4.500000 9
5.000000 1
9.500000 9
4.500000 8
5.000000 0
9.500000 1
4.500000 1
5.000000 0
10.000000 1
4.500000 8
5.000000 0
9.500000 0
4.500000 8
5.000000 0
9.000000 0
4.500000 8
5.000000 0
9.000000 0
5.000000 14
4.500000 2
10.000000 15
5.000000 12
4.500000 0
9.500000 12
5.000000 12
4.500000 0
9.500000 3
5.000000 12
4.500000 0
9.000000 0
5.000000 12
4.500000 0
9.000000 12
5.000000 12
4.500000 0
9.000000 12
5.000000 13
5.000000 3
10.000000 15
5.000000 12
4.500000 0
10.000000 12
5.000000 12
4.500000 0
9.500000 3
5.000000 12
4.500000 0
9.500000 0
5.000000 12
4.500000 0
9.000000 0
5.000000 12
4.500000 0
9.000000 12
5.000000 13
4.500000 1
10.000000 13
5.000000 12
5.000000 0
10.000000 12
5.000000 3
4.500000 0
10.000000 3
5.000000 12
4.500000 0
9.500000 0
5.000000 12
4.500000 0
9.500000 0
5.000000 12
4.500000 0
9.000000 0
5.000000 13
5.000000 1
10.000000 13
5.000000 2
4.500000 0
10.000000 2
5.000000 12
4.500000 0
9.500000 0
5.000000 0
4.500000 0
10.000000 0
5.000000 12
4.500000 0
9.500000 0
5.000000 12
4.500000 0
9.500000 0
5.000000 13
4.500000 1
10.000000 13
5.000000 12
4.500000 0
9.500000 1
5.000000 1
4.500000 0
10.000000 1
5.000000 12
4.500000 0
9.500000 0
5.000000 12
4.500000 0
9.500000 0
5.000000 12
4.500000 0
9.000000 0
5.000000 13
4.500000 1
9.500000 13
5.000000 12
4.500000 0
9.500000 1
5.000000 12
4.500000 0
9.500000 1
5.000000 12
4.500000 0
9.500000 0
5.000000 12
4.500000 0
9.000000 0
5.000000 12
4.500000 0
9.000000 12
4.500000 2
4.500000 3
9.500000 3
4.500000 0
4.000000 0
9.500000 0
4.500000 0
4.000000 0
9.000000 0
4.500000 0
4.000000 0
9.000000 0
4.500000 0
4.000000 0
8.500000 0
4.500000 0
4.000000 0
8.500000 0
4.500000 1
5.000000 3
10.000000 3
4.500000 0
4.500000 0
9.500000 0
4.500000 0
4.000000 0
9.500000 0
4.500000 0
4.000000 0
9.000000 0
4.500000 0
4.000000 0
9.000000 0
4.500000 0
4.000000 0
8.500000 0
4.500000 1
4.500000 1
9.500000 1
4.500000 0
5.000000 0
10.000000 0
5.000000 3
4.500000 0
9.500000 0
4.500000 0
4.000000 0
9.500000 0
4.500000 0
4.000000 0
9.000000 0
4.500000 0
4.000000 0
9.000000 0
4.500000 1
5.000000 1
10.000000 1
5.000000 2
4.500000 0
9.500000 0
4.500000 0
4.000000 0
9.500000 0
5.000000 0
4.000000 0
9.500000 0
4.500000 0
4.000000 0
9.500000 0
4.500000 0
4.000000 0
9.000000 0
4.500000 1
4.500000 1
9.500000 1
4.500000 0
4.000000 0
9.500000 0
5.000000 1
4.000000 0
9.500000 1
4.500000 0
4.000000 0
9.500000 0
4.500000 0
4.000000 0
9.000000 0
4.500000 0
4.000000 0
9.000000 0
4.500000 1
4.000000 1
9.500000 1
4.500000 0
4.000000 0
9.000000 0
4.500000 0
4.000000 0
9.500000 1
4.500000 0
4.000000 0
9.000000 0
4.500000 0
4.000000 0
9.000000 0
4.500000 0
4.000000 0
8.500000 0
4.000000 2
4.500000 3
9.500000 3
4.000000 0
4.000000 0
9.000000 0
4.000000 0
3.500000 0
9.000000 0
4.000000 0
3.500000 0
8.500000 0
4.000000 0
3.500000 0
8.500000 0
4.000000 0
3.500000 0
8.000000 0
4.000000 1
5.000000 3
9.500000 3
4.000000 0
4.500000 0
9.500000 0
4.500000 3
4.000000 0
9.000000 0
4.000000 0
3.500000 0
9.000000 0
4.000000 0
3.500000 0
8.500000 0
4.000000 0
3.500000 0
8.500000 0
4.000000 1
4.500000 1
9.500000 1
4.500000 2
5.000000 0
9.500000 0
5.000000 3
4.500000 0
9.500000 0
4.500000 0
4.000000 0
9.000000 0
4.000000 0
3.500000 0
9.000000 0
4.000000 0
3.500000 0
8.500000 0
4.500000 2
5.000000 1
9.500000 1
5.000000 2
4.500000 0
9.500000 0
4.500000 0
4.000000 0
9.000000 0
5.000000 0
3.500000 0
9.000000 0
4.500000 0
3.500000 0
9.000000 0
4.000000 0
3.500000 0
9.000000 0
4.000000 1
4.500000 1
9.500000 1
4.500000 1
4.000000 0
9.000000 0
5.000000 1
3.500000 0
9.000000 0
4.500000 0
3.500000 0
9.000000 0
4.000000 0
3.500000 0
9.000000 0
4.000000 0
3.500000 0
8.500000 0
4.000000 1
4.000000 1
9.000000 1
4.000000 0
3.500000 0
9.000000 0
4.500000 1
3.500000 0
9.000000 1
4.000000 0
3.500000 0
9.000000 0
4.000000 0
3.500000 0
8.500000 0
4.000000 0
3.500000 0
8.500000 0
3.500000 2
4.500000 3
9.000000 3
3.500000 0
4.000000 0
9.000000 0
4.000000 3
3.500000 0
8.500000 0
3.500000 0
3.000000 0
8.500000 0
3.500000 0
3.000000 0
8.000000 0
3.500000 0
3.000000 0
8.000000 0
3.500000 1
5.000000 3
9.000000 1
4.000000 2
4.500000 0
9.000000 0
4.500000 3
4.000000 0
9.000000 0
4.000000 0
3.500000 0
8.500000 0
3.500000 0
3.000000 0
8.500000 0
3.500000 0
3.000000 0
8.000000 0
4.000000 2
4.500000 1
9.000000 1
4.500000 2
5.000000 0
9.000000 0
5.000000 3
4.500000 0
9.000000 0
4.500000 0
4.000000 0
9.000000 0
4.000000 0
3.500000 0
8.500000 0
3.500000 0
3.000000 0
8.500000 0
4.500000 2
5.000000 1
9.000000 1
5.000000 2
4.500000 0
9.000000 0
4.500000 0
4.000000 0
9.000000 0
5.000000 0
3.500000 0
9.000000 0
4.500000 0
3.000000 0
8.500000 0
4.000000 0
3.000000 0
8.500000 0
4.000000 1
4.500000 1
9.000000 1
4.500000 1
4.000000 0
9.000000 0
5.000000 1
3.500000 0
9.000000 1
4.500000 0
3.000000 0
8.500000 0
4.000000 0
3.000000 0
8.500000 0
3.500000 0
3.000000 0
8.500000 0
3.500000 1
4.000000 1
9.000000 1
4.000000 1
3.500000 0
8.500000 0
4.500000 1
3.000000 0
8.500000 0
4.000000 0
3.000000 0
8.500000 0
3.500000 0
3.000000 0
8.500000 0
3.500000 0
3.000000 0
8.000000 0
4.500000 10
5.000000 6
9.500000 11
4.500000 8
5.000000 4
9.500000 8
4.500000 8
5.000000 4
9.500000 7
4.500000 8
5.000000 4
9.000000 4
4.500000 8
5.000000 4
9.000000 4
4.500000 8
5.000000 4
9.000000 4
4.500000 9
5.000000 5
10.000000 11
4.500000 8
5.000000 4
9.500000 6
4.500000 7
5.000000 4
10.000000 7
4.500000 8
5.000000 4
9.500000 4
4.500000 8
5.000000 4
9.000000 4
4.500000 8
5.000000 4
9.000000 4
4.500000 9
5.000000 5
9.500000 6
4.500000 6
5.000000 4
10.000000 6
5.000000 7
5.000000 4
10.000000 7
4.500000 4
5.000000 4
10.000000 4
4.500000 8
5.000000 4
9.500000 4
4.500000 8
5.000000 4
9.000000 4
4.500000 6
5.000000 5
10.000000 6
5.000000 6
5.000000 4
10.000000 6
4.500000 4
5.000000 4
10.000000 4
5.000000 4
5.000000 4
10.000000 4
4.500000 4
5.000000 4
10.000000 4
4.500000 8
5.000000 4
9.500000 4
4.500000 9
5.000000 5
9.500000 5
4.500000 5
5.000000 4
10.000000 5
5.000000 5
5.000000 4
10.000000 5
4.500000 4
5.000000 4
10.000000 4
4.500000 8
5.000000 4
9.500000 4
4.500000 8
5.000000 4
9.000000 4
4.500000 9
5.000000 5
9.500000 9
4.500000 8
5.000000 4
9.500000 5
4.500000 5
5.000000 4
10.000000 5
4.500000 8
5.000000 4
9.500000 4
4.500000 8
5.000000 4
9.000000 4
4.500000 8
5.000000 4
9.000000 4
5.000000 10
4.500000 2
10.000000 11
5.000000 8
4.500000 0
9.500000 8
5.000000 8
4.500000 0
9.500000 3
5.000000 8
4.500000 0
9.000000 0
5.000000 8
4.500000 0
9.000000 8
5.000000 8
4.500000 0
9.000000 8
5.000000 9
5.000000 3
10.000000 11
5.000000 8
4.500000 0
10.000000 8
5.000000 8
4.500000 0
9.500000 3
5.000000 8
4.500000 0
9.500000 0
5.000000 8
4.500000 0
9.000000 0
5.000000 8
4.500000 0
9.000000 8
5.000000 9
4.500000 1
10.000000 9
5.000000 8
5.000000 0
10.000000 8
5.000000 3
4.500000 0
10.000000 3
5.000000 8
4.500000 0
9.500000 0
5.000000 8
4.500000 0
9.500000 0
5.000000 8
4.500000 0
9.000000 0
5.000000 9
5.000000 1
10.000000 9
5.000000 2
4.500000 0
10.000000 2
5.000000 8
4.500000 0
9.500000 0
5.000000 0
4.500000 0
10.000000 0
5.000000 8
4.500000 0
9.500000 0
5.000000 8
4.500000 0
9.500000 0
5.000000 9
4.500000 1
10.000000 9
5.000000 8
4.500000 0
9.500000 1
5.000000 1
4.500000 0
10.000000 1
5.000000 8
4.500000 0
9.500000 0
5.000000 8
4.500000 0
9.500000 0
5.000000 8
4.500000 0
9.000000 0
5.000000 9
4.500000 1
9.500000 9
5.000000 8
4.500000 0
9.500000 1
5.000000 8
4.500000 0
9.500000 1
5.000000 8
4.500000 0
9.500000 0
5.000000 8
4.500000 0
9.000000 0
5.000000 8
4.500000 0
9.000000 8
4.500000 2
4.500000 3
9.500000 3
4.500000 0
4.000000 0
9.500000 0
4.500000 0
4.000000 0
9.000000 0
4.500000 0
4.000000 0
9.000000 0
4.500000 0
4.000000 0
8.500000 0
4.500000 0
4.000000 0
8.500000 0
4.500000 1
5.000000 3
10.000000 3
4.500000 0
4.500000 0
9.500000 0
4.500000 0
4.000000 0
9.500000 0
4.500000 0
4.000000 0
9.000000 0
4.500000 0
4.000000 0
9.000000 0
4.500000 0
4.000000 0
8.500000 0
4.500000 1
4.500000 1
9.500000 1
4.500000 0
5.000000 0
10.000000 0
5.000000 3
4.500000 0
9.500000 0
4.500000 0
4.000000 0
9.500000 0
4.500000 0
4.000000 0
9.000000 0
4.500000 0
4.000000 0
9.000000 0
4.500000 1
5.000000 1
10.000000 1
5.000000 2
4.500000 0
9.500000 0
4.500000 0
4.000000 0
9.500000 0
5.000000 0
4.000000 0
9.500000 0
4.500000 0
4.000000 0
9.500000 0
4.500000 0
4.000000 0
9.000000 0
4.500000 1
4.500000 1
9.500000 1
4.500000 0
4.000000 0
9.500000 0
5.000000 1
4.000000 0
9.500000 1
4.500000 0
4.000000 0
9.500000 0
4.500000 0
4.000000 0
9.000000 0
4.500000 0
4.000000 0
9.000000 0
4.500000 1
4.000000 1
9.500000 1
4.500000 0
4.000000 0
9.000000 0
4.500000 0
4.000000 0
9.500000 1
4.500000 0
4.000000 0
9.000000 0
4.500000 0
4.000000 0
9.000000 0
4.500000 0
4.000000 0
8.500000 0
5.000000 2
4.500000 3
10.000000 3
5.000000 0
4.000000 0
9.500000 0
5.000000 0
3.500000 0
9.000000 0
5.000000 0
3.500000 0
9.000000 0
5.000000 0
3.500000 0
9.000000 0
5.000000 0
3.500000 0
9.000000 0
5.000000 1
5.000000 3
10.000000 3
5.000000 0
4.500000 0
10.000000 0
5.000000 0
4.000000 0
9.500000 0
5.000000 0
3.500000 0
9.000000 0
5.000000 0
3.500000 0
9.000000 0
5.000000 0
3.500000 0
9.000000 0
5.000000 1
4.500000 1
10.000000 1
5.000000 0
5.000000 0
10.000000 0
5.000000 0
4.500000 0
10.000000 0
5.000000 0
4.000000 0
9.500000 0
5.000000 0
3.500000 0
9.000000 0
5.000000 0
3.500000 0
9.000000 0
5.000000 1
5.000000 1
10.000000 1
5.000000 0
4.500000 0
10.000000 0
5.000000 0
4.000000 0
9.500000 0
5.000000 0
3.500000 0
9.000000 0
5.000000 0
3.500000 0
9.000000 0
5.000000 0
3.500000 0
9.000000 0
5.000000 1
4.500000 1
10.000000 1
5.000000 0
4.000000 0
9.500000 0
5.000000 0
3.500000 0
9.000000 0
5.000000 0
3.500000 0
9.000000 0
5.000000 0
3.500000 0
9.000000 0
5.000000 0
3.500000 0
9.000000 0
5.000000 1
4.000000 1
9.500000 1
5.000000 0
3.500000 0
9.000000 0
5.000000 0
3.500000 0
9.000000 0
5.000000 0
3.500000 0
9.000000 0
5.000000 0
3.500000 0
9.000000 0
5.000000 0
3.500000 0
9.000000 0
4.500000 2
4.500000 3
9.500000 3
4.500000 0
4.000000 0
9.500000 0
4.500000 0
3.500000 0
9.000000 0
4.500000 0
3.000000 0
8.500000 0
4.500000 0
3.000000 0
8.500000 0
4.500000 0
3.000000 0
8.500000 0
4.500000 1
5.000000 3
10.000000 3
4.500000 0
4.500000 0
9.500000 0
4.500000 0
4.000000 0
9.500000 0
4.500000 0
3.500000 0
9.000000 0
4.500000 0
3.000000 0
8.500000 0
4.500000 0
3.000000 0
8.500000 0
4.500000 1
4.500000 1
9.500000 1
4.500000 0
5.000000 0
10.000000 0
5.000000 3
4.500000 0
9.500000 0
4.500000 0
4.000000 0
9.500000 0
4.500000 0
3.500000 0
9.000000 0
4.500000 0
3.000000 0
8.500000 0
4.500000 1
5.000000 1
10.000000 1
5.000000 2
4.500000 0
9.500000 0
4.500000 0
4.000000 0
9.500000 0
5.000000 0
3.500000 0
9.000000 0
4.500000 0
3.000000 0
8.500000 0
4.500000 0
3.000000 0
8.500000 0
4.500000 1
4.500000 1
9.500000 1
4.500000 0
4.000000 0
9.500000 0
5.000000 1
3.500000 0
9.000000 0
4.500000 0
3.000000 0
8.500000 0
4.500000 0
3.000000 0
8.500000 0
4.500000 0
3.000000 0
8.500000 0
4.500000 1
4.000000 1
9.500000 1
4.500000 0
3.500000 0
9.000000 0
4.500000 0
3.000000 0
8.500000 0
4.500000 0
3.000000 0
8.500000 0
4.500000 0
3.000000 0
8.500000 0
4.500000 0
3.000000 0
8.500000 0
4.000000 2
4.500000 3
9.500000 3
4.000000 0
4.000000 0
9.000000 0
4.000000 0
3.500000 0
9.000000 0
4.000000 0
3.000000 0
8.500000 0
4.000000 0
2.500000 0
8.000000 0
4.000000 0
2.500000 0
8.000000 0
4.000000 1
5.000000 3
9.500000 3
4.000000 0
4.500000 0
9.500000 0
4.500000 3
4.000000 0
9.000000 0
4.000000 0
3.500000 0
9.000000 0
4.000000 0
3.000000 0
8.500000 0
4.000000 0
2.500000 0
8.000000 0
4.000000 1
4.500000 1
9.500000 1
4.500000 2
5.000000 0
9.500000 0
5.000000 3
4.500000 0
9.500000 0
4.500000 0
4.000000 0
9.000000 0
4.000000 0
3.500000 0
9.000000 0
4.000000 0
3.000000 0
8.500000 0
4.500000 2
5.000000 1
9.500000 1
5.000000 2
4.500000 0
9.500000 0
4.500000 0
4.000000 0
9.000000 0
5.000000 0
3.500000 0
9.000000 0
4.500000 0
3.000000 0
8.500000 0
4.000000 0
2.500000 0
8.000000 0
4.000000 1
4.500000 1
9.500000 1
4.500000 1
4.000000 0
9.000000 0
5.000000 1
3.500000 0
9.000000 0
4.500000 0
3.000000 0
8.500000 0
4.000000 0
2.500000 0
8.000000 0
4.000000 0
2.500000 0
8.000000 0
4.000000 1
4.000000 1
9.000000 1
4.000000 0
3.500000 0
9.000000 0
4.500000 1
3.000000 0
8.500000 0
4.000000 0
2.500000 0
8.000000 0
4.000000 0
2.500000 0
8.000000 0
4.000000 0
2.500000 0
8.000000 0
4.000000 6
4.500000 6
9.500000 7
4.000000 4
4.500000 4
9.000000 4
4.000000 4
4.500000 4
9.500000 7
4.000000 4
4.500000 4
9.000000 4
4.000000 4
4.500000 4
8.500000 4
4.000000 4
4.500000 4
8.500000 4
4.000000 5
5.000000 7
9.500000 7
4.000000 4
4.500000 4
9.500000 4
4.500000 7
4.500000 4
9.500000 7
4.000000 4
4.500000 4
9.500000 4
4.000000 4
4.500000 4
9.000000 4
4.000000 4
4.500000 4
8.500000 4
4.000000 5
4.500000 5
9.500000 5
4.500000 6
5.000000 4
9.500000 4
5.000000 7
4.500000 4
10.000000 7
4.500000 4
4.500000 4
9.500000 4
4.000000 4
4.500000 4
9.500000 4
4.000000 4
4.500000 4
9.000000 4
4.500000 6
5.000000 5
9.500000 5
5.000000 6
4.500000 4
10.000000 6
4.500000 4
4.500000 4
9.500000 4
5.000000 4
4.500000 4
10.000000 4
4.500000 4
4.500000 4
9.500000 4
4.000000 4
4.500000 4
9.500000 4
4.000000 5
4.500000 5
9.500000 5
4.500000 5
4.500000 4
9.500000 5
5.000000 5
4.500000 4
10.000000 5
4.500000 4
4.500000 4
9.500000 4
4.000000 4
4.500000 4
9.500000 4
4.000000 4
4.500000 4
9.000000 4
4.000000 5
4.500000 5
9.000000 5
4.000000 4
4.500000 4
9.500000 5
4.500000 5
4.500000 4
9.500000 5
4.000000 4
4.500000 4
9.500000 4
4.000000 4
4.500000 4
9.000000 4
4.000000 4
4.500000 4
8.500000 4
4.500000 6
4.500000 3
9.500000 7
4.500000 4
4.000000 0
9.500000 4
4.500000 4
4.000000 0
9.000000 3
4.500000 4
4.000000 0
9.000000 0
4.500000 4
4.000000 0
8.500000 0
4.500000 4
4.000000 0
8.500000 4
4.500000 5
5.000000 3
10.000000 7
4.500000 4
4.500000 0
9.500000 4
4.500000 3
4.000000 0
9.500000 3
4.500000 4
4.000000 0
9.000000 0
4.500000 4
4.000000 0
9.000000 0
4.500000 4
4.000000 0
8.500000 0
4.500000 5
4.500000 1
9.500000 5
4.500000 2
5.000000 0
10.000000 4
5.000000 3
4.500000 0
9.500000 3
4.500000 0
4.000000 0
9.500000 0
4.500000 4
4.000000 0
9.000000 0
4.500000 4
4.000000 0
9.000000 0
4.500000 2
5.000000 1
10.000000 5
5.000000 2
4.500000 0
9.500000 2
4.500000 0
4.000000 0
9.500000 0
5.000000 0
4.000000 0
9.500000 0
4.500000 0
4.000000 0
9.500000 0
4.500000 4
4.000000 0
9.000000 0
4.500000 5
4.500000 1
9.500000 5
4.500000 1
4.000000 0
9.500000 1
5.000000 1
4.000000 0
9.500000 1
4.500000 0
4.000000 0
9.500000 0
4.500000 4
4.000000 0
9.000000 0
4.500000 4
4.000000 0
9.000000 0
4.500000 5
4.000000 1
9.500000 5
4.500000 4
4.000000 0
9.000000 1
4.500000 1
4.000000 0
9.500000 1
4.500000 4
4.000000 0
9.000000 0
4.500000 4
4.000000 0
9.000000 0
4.500000 4
4.000000 0
8.500000 0
5.000000 6
4.500000 3
10.000000 7
5.000000 4
4.000000 0
9.500000 4
5.000000 4
3.500000 0
9.000000 0
5.000000 4
3.500000 0
9.000000 4
5.000000 4
3.500000 0
9.000000 4
5.000000 4
3.500000 0
9.000000 4
5.000000 5
5.000000 3
10.000000 7
5.000000 4
4.500000 0
10.000000 4
5.000000 4
4.000000 0
9.500000 4
5.000000 4
3.500000 0
9.000000 0
5.000000 4
3.500000 0
9.000000 4
5.000000 4
3.500000 0
9.000000 4
5.000000 5
4.500000 1
10.000000 5
5.000000 4
5.000000 0
10.000000 4
5.000000 3
4.500000 0
10.000000 4
5.000000 4
4.000000 0
9.500000 4
5.000000 4
3.500000 0
9.000000 0
5.000000 4
3.500000 0
9.000000 4
5.000000 5
5.000000 1
10.000000 5
5.000000 2
4.500000 0
10.000000 4
5.000000 4
4.000000 0
9.500000 4
5.000000 0
3.500000 0
9.000000 0
5.000000 4
3.500000 0
9.000000 0
5.000000 4
3.500000 0
9.000000 0
5.000000 5
4.500000 1
10.000000 5
5.000000 4
4.000000 0
9.500000 4
5.000000 1
3.500000 0
9.000000 0
5.000000 4
3.500000 0
9.000000 0
5.000000 4
3.500000 0
9.000000 0
5.000000 4
3.500000 0
9.000000 4
5.000000 5
4.000000 1
9.500000 5
5.000000 4
3.500000 0
9.000000 0
5.000000 4
3.500000 0
9.000000 1
5.000000 4
3.500000 0
9.000000 0
5.000000 4
3.500000 0
9.000000 4
5.000000 4
3.500000 0
9.000000 4
4.500000 2
4.500000 3
9.500000 3
4.500000 0
4.000000 0
9.500000 0
4.500000 0
3.500000 0
9.000000 0
4.500000 0
3.000000 0
8.500000 0
4.500000 0
3.000000 0
8.500000 0
4.500000 0
3.000000 0
8.500000 0
4.500000 1
5.000000 3
10.000000 3
4.500000 0
4.500000 0
9.500000 0
4.500000 0
4.000000 0
9.500000 0
4.500000 0
3.500000 0
9.000000 0
4.500000 0
3.000000 0
8.500000 0
4.500000 0
3.000000 0
8.500000 0
4.500000 1
4.500000 1
9.500000 1
4.500000 0
5.000000 0
10.000000 0
5.000000 3
4.500000 0
9.500000 0
4.500000 0
4.000000 0
9.500000 0
4.500000 0
3.500000 0
9.000000 0
4.500000 0
3.000000 0
8.500000 0
4.500000 1
5.000000 1
10.000000 1
5.000000 2
4.500000 0
9.500000 0
4.500000 0
4.000000 0
9.500000 0
5.000000 0
3.500000 0
9.000000 0
4.500000 0
3.000000 0
8.500000 0
4.500000 0
3.000000 0
8.500000 0
4.500000 1
4.500000 1
9.500000 1
4.500000 0
4.000000 0
9.500000 0
5.000000 1
3.500000 0
9.000000 0
4.500000 0
3.000000 0
8.500000 0
4.500000 0
3.000000 0
8.500000 0
4.500000 0
3.000000 0
8.500000 0
4.500000 1
4.000000 1
9.500000 1
4.500000 0
3.500000 0
9.000000 0
4.500000 0
3.000000 0
8.500000 0
4.500000 0
3.000000 0
8.500000 0
4.500000 0
3.000000 0
8.500000 0
4.500000 0
3.000000 0
8.500000 0
4.000000 2
4.500000 3
9.500000 3
4.000000 0
4.000000 0
9.000000 0
4.000000 0
3.500000 0
9.000000 0
4.000000 0
3.000000 0
8.500000 0
4.000000 0
2.500000 0
8.000000 0
4.000000 0
2.500000 0
8.000000 0
4.000000 1
5.000000 3
9.500000 3
4.000000 0
4.500000 0
9.500000 0
4.500000 3
4.000000 0
9.000000 0
4.000000 0
3.500000 0
9.000000 0
4.000000 0
3.000000 0
8.500000 0
4.000000 0
2.500000 0
8.000000 0
4.000000 1
4.500000 1
9.500000 1
4.500000 2
5.000000 0
9.500000 0
5.000000 3
4.500000 0
9.500000 0
4.500000 0
4.000000 0
9.000000 0
4.000000 0
3.500000 0
9.000000 0
4.000000 0
3.000000 0
8.500000 0
4.500000 2
5.000000 1
9.500000 1
5.000000 2
4.500000 0
9.500000 0
4.500000 0
4.000000 0
9.000000 0
5.000000 0
3.500000 0
9.000000 0
4.500000 0
3.000000 0
8.500000 0
4.000000 0
2.500000 0
8.000000 0
4.000000 1
4.500000 1
9.500000 1
4.500000 1
4.000000 0
9.000000 0
5.000000 1
3.500000 0
9.000000 0
4.500000 0
3.000000 0
8.500000 0
4.000000 0
2.500000 0
8.000000 0
4.000000 0
2.500000 0
8.000000 0
4.000000 1
4.000000 1
9.000000 1
4.000000 0
3.500000 0
9.000000 0
4.500000 1
3.000000 0
8.500000 0
4.000000 0
2.500000 0
8.000000 0
4.000000 0
2.500000 0
8.000000 0
4.000000 0
2.500000 0
8.000000 0
3.500000 2
4.500000 3
9.000000 3
3.500000 0
4.000000 0
9.000000 0
4.000000 3
3.500000 0
8.500000 0
3.500000 0
3.000000 0
8.500000 0
3.500000 0
2.500000 0
8.000000 0
3.500000 0
2.000000 0
7.500000 0
3.500000 1
5.000000 3
9.000000 1
4.000000 2
4.500000 0
9.000000 0
4.500000 3
4.000000 0
9.000000 0
4.000000 0
3.500000 0
8.500000 0
3.500000 0
3.000000 0
8.500000 0
3.500000 0
2.500000 0
8.000000 0
4.000000 2
4.500000 1
9.000000 1
4.500000 2
5.000000 0
9.000000 0
5.000000 3
4.500000 0
9.000000 0
4.500000 0
4.000000 0
9.000000 0
4.000000 0
3.500000 0
8.500000 0
3.500000 0
3.000000 0
8.500000 0
4.500000 2
5.000000 1
9.000000 1
5.000000 2
4.500000 0
9.000000 0
4.500000 0
4.000000 0
9.000000 0
5.000000 0
3.500000 0
9.000000 0
4.500000 0
3.000000 0
8.500000 0
4.000000 0
2.500000 0
8.000000 0
4.000000 1
4.500000 1
9.000000 1
4.500000 1
4.000000 0
9.000000 0
5.000000 1
3.500000 0
9.000000 1
4.500000 0
3.000000 0
8.500000 0
4.000000 0
2.500000 0
8.000000 0
3.500000 0
2.000000 0
7.500000 0
3.500000 1
4.000000 1
9.000000 1
4.000000 1
3.500000 0
8.500000 0
4.500000 1
3.000000 0
8.500000 0
4.000000 0
2.500000 0
8.000000 0
3.500000 0
2.000000 0
7.500000 0
3.500000 0
2.000000 0
7.500000 0
3.500000 6
4.500000 7
9.000000 7
3.500000 4
4.000000 4
9.000000 4
4.000000 7
4.000000 4
9.000000 7
3.500000 4
4.000000 4
9.000000 4
3.500000 4
4.000000 4
8.500000 4
3.500000 4
4.000000 4
8.000000 4
3.500000 5
5.000000 7
9.000000 5
4.000000 6
4.500000 4
9.000000 4
4.500000 7
4.000000 4
9.500000 7
4.000000 4
4.000000 4
9.000000 4
3.500000 4
4.000000 4
9.000000 4
3.500000 4
4.000000 4
8.500000 4
4.000000 6
4.500000 5
9.000000 5
4.500000 6
5.000000 4
9.500000 6
5.000000 7
4.500000 4
9.500000 7
4.500000 4
4.000000 4
9.500000 4
4.000000 4
4.000000 4
9.000000 4
3.500000 4
4.000000 4
9.000000 4
4.500000 6
5.000000 5
9.500000 6
5.000000 6
4.500000 4
9.500000 6
4.500000 4
4.000000 4
9.500000 4
5.000000 4
4.000000 4
9.500000 4
4.500000 4
4.000000 4
9.500000 4
4.000000 4
4.000000 4
9.000000 4
4.000000 5
4.500000 5
9.000000 5
4.500000 5
4.000000 4
9.500000 5
5.000000 5
4.000000 4
9.500000 5
4.500000 4
4.000000 4
9.500000 4
4.000000 4
4.000000 4
9.000000 4
3.500000 4
4.000000 4
9.000000 4
3.500000 5
4.000000 5
9.000000 5
4.000000 5
4.000000 4
9.000000 5
4.500000 5
4.000000 4
9.500000 5
4.000000 4
4.000000 4
9.000000 4
3.500000 4
4.000000 4
9.000000 4
3.500000 4
4.000000 4
8.500000 4
4.000000 6
4.500000 3
9.500000 7
4.000000 4
4.000000 0
9.000000 4
4.000000 3
3.500000 0
9.000000 3
4.000000 4
3.500000 0
8.500000 0
4.000000 4
3.500000 0
8.500000 0
4.000000 4
3.500000 0
8.000000 0
4.000000 5
5.000000 3
9.500000 7
4.000000 2
4.500000 0
9.500000 4
4.500000 3
4.000000 0
9.000000 3
4.000000 0
3.500000 0
9.000000 0
4.000000 4
3.500000 0
8.500000 0
4.000000 4
3.500000 0
8.500000 0
4.000000 2
4.500000 1
9.500000 5
4.500000 2
5.000000 0
9.500000 4
5.000000 3
4.500000 0
9.500000 4
4.500000 0
4.000000 0
9.000000 0
4.000000 0
3.500000 0
9.000000 0
4.000000 4
3.500000 0
8.500000 0
4.500000 2
5.000000 1
9.500000 5
5.000000 2
4.500000 0
9.500000 4
4.500000 0
4.000000 0
9.000000 0
5.000000 0
3.500000 0
9.000000 0
4.500000 0
3.500000 0
9.000000 0
4.000000 0
3.500000 0
9.000000 0
4.000000 1
4.500000 1
9.500000 5
4.500000 1
4.000000 0
9.000000 1
5.000000 1
3.500000 0
9.000000 0
4.500000 0
3.500000 0
9.000000 0
4.000000 0
3.500000 0
9.000000 0
4.000000 4
3.500000 0
8.500000 0
4.000000 5
4.000000 1
9.000000 5
4.000000 1
3.500000 0
9.000000 1
4.500000 1
3.500000 0
9.000000 1
4.000000 0
3.500000 0
9.000000 0
4.000000 4
3.500000 0
8.500000 0
4.000000 4
3.500000 0
8.500000 0
4.500000 6
4.500000 3
9.500000 7
4.500000 4
4.000000 0
9.500000 4
4.500000 4
3.500000 0
9.000000 4
4.500000 4
3.000000 0
8.500000 0
4.500000 4
3.000000 0
8.500000 4
4.500000 4
3.000000 0
8.500000 4
4.500000 5
5.000000 3
10.000000 7
4.500000 4
4.500000 0
9.500000 4
4.500000 3
4.000000 0
9.500000 4
4.500000 4
3.500000 0
9.000000 4
4.500000 4
3.000000 0
8.500000 0
4.500000 4
3.000000 0
8.500000 4
4.500000 5
4.500000 1
9.500000 5
4.500000 2
5.000000 0
10.000000 4
5.000000 3
4.500000 0
9.500000 4
4.500000 0
4.000000 0
9.500000 4
4.500000 4
3.500000 0
9.000000 4
4.500000 4
3.000000 0
8.500000 0
4.500000 2
5.000000 1
10.000000 5
5.000000 2
4.500000 0
9.500000 4
4.500000 0
4.000000 0
9.500000 4
5.000000 0
3.500000 0
9.000000 0
4.500000 0
3.000000 0
8.500000 0
4.500000 4
3.000000 0
8.500000 0
4.500000 5
4.500000 1
9.500000 5
4.500000 1
4.000000 0
9.500000 4
5.000000 1
3.500000 0
9.000000 1
4.500000 0
3.000000 0
8.500000 0
4.500000 4
3.000000 0
8.500000 0
4.500000 4
3.000000 0
8.500000 0
4.500000 5
4.000000 1
9.500000 5
4.500000 4
3.500000 0
9.000000 4
4.500000 1
3.000000 0
8.500000 0
4.500000 4
3.000000 0
8.500000 0
4.500000 4
3.000000 0
8.500000 0
4.500000 4
3.000000 0
8.500000 4
4.000000 2
4.500000 3
9.500000 3
4.000000 0
4.000000 0
9.000000 0
4.000000 0
3.500000 0
9.000000 0
4.000000 0
3.000000 0
8.500000 0
4.000000 0
2.500000 0
8.000000 0
4.000000 0
2.500000 0
8.000000 0
4.000000 1
5.000000 3
9.500000 3
4.000000 0
4.500000 0
9.500000 0
4.500000 3
4.000000 0
9.000000 0
4.000000 0
3.500000 0
9.000000 0
4.000000 0
3.000000 0
8.500000 0
4.000000 0
2.500000 0
8.000000 0
4.000000 1
4.500000 1
9.500000 1
4.500000 2
5.000000 0
9.500000 0
5.000000 3
4.500000 0
9.500000 0
4.500000 0
4.000000 0
9.000000 0
4.000000 0
3.500000 0
9.000000 0
4.000000 0
3.000000 0
8.500000 0
4.500000 2
5.000000 1
9.500000 1
5.000000 2
4.500000 0
9.500000 0
4.500000 0
4.000000 0
9.000000 0
5.000000 0
3.500000 0
9.000000 0
4.500000 0
3.000000 0
8.500000 0
4.000000 0
2.500000 0
8.000000 0
4.000000 1
4.500000 1
9.500000 1
4.500000 1
4.000000 0
9.000000 0
5.000000 1
3.500000 0
9.000000 0
4.500000 0
3.000000 0
8.500000 0
4.000000 0
2.500000 0
8.000000 0
4.000000 0
2.500000 0
8.000000 0
4.000000 1
4.000000 1
9.000000 1
4.000000 0
3.500000 0
9.000000 0
4.500000 1
3.000000 0
8.500000 0
4.000000 0
2.500000 0
8.000000 0
4.000000 0
2.500000 0
8.000000 0
4.000000 0
2.500000 0
8.000000 0
3.500000 2
4.500000 3
9.000000 3
3.500000 0
4.000000 0
9.000000 0
4.000000 3
3.500000 0
8.500000 0
3.500000 0
3.000000 0
8.500000 0
3.500000 0
2.500000 0
8.000000 0
3.500000 0
2.000000 0
7.500000 0
3.500000 1
5.000000 3
9.000000 1
4.000000 2
4.500000 0
9.000000 0
4.500000 3
4.000000 0
9.000000 0
4.000000 0
3.500000 0
8.500000 0
3.500000 0
3.000000 0
8.500000 0
3.500000 0
2.500000 0
8.000000 0
4.000000 2
4.500000 1
9.000000 1
4.500000 2
5.000000 0
9.000000 0
5.000000 3
4.500000 0
9.000000 0
4.500000 0
4.000000 0
9.000000 0
4.000000 0
3.500000 0
8.500000 0
3.500000 0
3.000000 0
8.500000 0
4.500000 2
5.000000 1
9.000000 1
5.000000 2
4.500000 0
9.000000 0
4.500000 0
4.000000 0
9.000000 0
5.000000 0
3.500000 0
9.000000 0
4.500000 0
3.000000 0
8.500000 0
4.000000 0
2.500000 0
8.000000 0
4.000000 1
4.500000 1
9.000000 1
4.500000 1
4.000000 0
9.000000 0
5.000000 1
3.500000 0
9.000000 1
4.500000 0
3.000000 0
8.500000 0
4.000000 0
2.500000 0
8.000000 0
3.500000 0
2.000000 0
7.500000 0
3.500000 1
4.000000 1
9.000000 1
4.000000 1
3.500000 0
8.500000 0
4.500000 1
3.000000 0
8.500000 0
4.000000 0
2.500000 0
8.000000 0
3.500000 0
2.000000 0
7.500000 0
3.500000 0
2.000000 0
7.500000 0
3.000000 2
4.500000 3
8.500000 2
3.500000 2
4.000000 0
8.500000 0
4.000000 3
3.500000 0
8.500000 0
3.500000 0
3.000000 0
8.000000 0
3.000000 0
2.500000 0
8.000000 0
3.000000 0
2.000000 0
7.500000 0
3.500000 2
5.000000 3
9.000000 3
4.000000 2
4.500000 0
8.500000 0
4.500000 3
4.000000 0
8.500000 0
4.000000 0
3.500000 0
8.500000 0
3.500000 0
3.000000 0
8.000000 0
3.000000 0
2.500000 0
8.000000 0
4.000000 2
4.500000 1
8.500000 1
4.500000 2
5.000000 0
9.000000 0
5.000000 3
4.500000 0
9.000000 3
4.500000 0
4.000000 0
8.500000 0
4.000000 0
3.500000 0
8.500000 0
3.500000 0
3.000000 0
8.000000 0
4.500000 2
5.000000 1
9.000000 1
5.000000 2
4.500000 0
9.000000 2
4.500000 0
4.000000 0
8.500000 0
5.000000 0
3.500000 0
9.000000 0
4.500000 0
3.000000 0
8.500000 0
4.000000 0
2.500000 0
8.000000 0
4.000000 1
4.500000 1
8.500000 1
4.500000 1
4.000000 0
8.500000 0
5.000000 1
3.500000 0
9.000000 1
4.500000 0
3.000000 0
8.500000 0
4.000000 0
2.500000 0
8.000000 0
3.500000 0
2.000000 0
7.500000 0
3.500000 1
4.000000 1
8.500000 1
4.000000 1
3.500000 0
8.500000 0
4.500000 1
3.000000 0
8.500000 1
4.000000 0
2.500000 0
8.000000 0
3.500000 0
2.000000 0
7.500000 0
3.000000 0
1.500000 0
7.000000 0
