0.000000 0
0.000000 0
4.916667 0
4.875000 0
9.833333 0
5.000000 0
9.958333 0
9.916667 0
14.875000 0
4.916667 0
9.875000 0
9.916667 0
14.875000 0
9.958333 0
14.916667 0
14.958333 0
19.916667 0
4.958333 4
9.875000 4
9.916667 4
14.833333 4
9.916667 0
14.875000 0
14.875000 0
19.833333 0
9.958333 4
14.916667 4
14.958333 4
19.875000 4
14.958333 0
19.916667 0
19.916667 0
24.875000 0
4.875000 0
4.916667 1
9.833333 1
4.958333 4
9.916667 4
9.875000 4
14.833333 4
4.958333 1
9.916667 1
9.958333 1
14.875000 1
9.916667 1
14.875000 1
14.916667 4
19.875000 4
5.000000 1
9.916667 1
9.958333 1
14.875000 1
9.916667 1
14.875000 1
14.875000 1
19.833333 1
10.000000 1
14.958333 1
15.000000 1
19.916667 1
14.958333 1
19.916667 1
19.916667 1
24.875000 1
4.916667 1
4.958333 0
9.875000 0
5.000000 1
9.958333 1
9.916667 1
14.875000 1
4.916667 0
9.875000 0
9.958333 0
14.916667 0
9.958333 1
14.916667 1
14.958333 1
19.916667 1
4.875000 0
9.833333 1
9.916667 0
14.833333 0
9.916667 1
14.875000 1
14.875000 1
19.833333 1
9.916667 0
14.875000 1
14.958333 0
19.875000 0
14.958333 1
19.916667 1
19.916667 1
24.875000 1
4.958333 0
4.916667 0
9.875000 0
4.875000 0
9.916667 0
9.833333 0
14.833333 0
4.958333 0
9.916667 0
9.958333 0
14.916667 0
9.916667 0
14.875000 0
14.875000 0
19.875000 0
4.916667 0
9.875000 0
9.875000 0
14.833333 0
9.833333 0
14.833333 0
14.791667 0
19.791667 0
9.958333 0
14.916667 0
14.916667 0
19.875000 0
14.875000 0
19.875000 0
19.833333 0
24.833333 0
4.916667 0
4.958333 0
9.875000 0
4.916667 0
9.875000 0
9.875000 0
14.833333 0
4.916667 0
9.875000 0
9.958333 0
14.916667 0
9.875000 0
14.833333 0
14.916667 0
19.875000 0
4.958333 6
9.875000 6
9.916667 0
14.833333 0
9.875000 6
14.833333 6
14.833333 0
19.791667 0
9.958333 6
14.916667 6
14.958333 0
19.875000 0
14.916667 6
19.875000 6
19.875000 0
24.833333 0
4.958333 1
4.916667 1
9.875000 1
4.958333 6
9.916667 1
9.875000 6
14.833333 1
4.958333 1
9.916667 1
9.958333 1
14.916667 1
9.916667 1
14.875000 1
14.916667 6
19.875000 1
4.916667 1
9.875000 1
9.875000 1
14.833333 1
9.875000 6
14.833333 1
14.833333 6
19.791667 1
9.958333 1
14.916667 1
14.916667 1
19.875000 1
14.916667 6
19.875000 1
19.875000 6
24.833333 1
4.875000 0
4.916667 0
9.833333 0
4.958333 5
9.916667 5
9.875000 5
14.833333 5
4.875000 0
9.833333 0
9.916667 0
14.875000 0
9.916667 5
14.875000 5
14.916667 5
19.875000 5
4.916667 0
9.833333 0
9.875000 0
14.791667 0
9.875000 5
14.833333 5
14.833333 5
19.791667 5
9.916667 0
14.875000 0
14.916667 0
19.833333 0
14.916667 5
19.875000 5
19.875000 5
24.833333 5
4.916667 0
4.958333 0
9.875000 0
4.916667 0
9.875000 0
9.875000 0
14.833333 0
5.000000 0
9.958333 0
10.000000 0
14.916667 0
9.958333 0
14.916667 0
14.916667 0
19.875000 4
4.958333 0
9.875000 0
9.916667 0
14.833333 0
9.875000 0
14.833333 0
14.833333 0
19.791667 0
10.000000 0
14.916667 0
14.958333 4
19.875000 4
14.916667 0
19.875000 0
19.875000 4
24.833333 4
4.958333 0
4.916667 0
9.875000 0
4.958333 0
9.916667 0
9.875000 0
14.833333 0
4.958333 4
9.916667 0
9.958333 4
14.916667 0
9.916667 0
14.875000 0
14.916667 0
19.875000 0
5.000000 6
9.916667 6
9.958333 6
14.875000 6
9.916667 6
14.875000 6
14.875000 6
19.833333 6
10.000000 6
14.958333 6
15.000000 6
19.916667 6
14.958333 6
19.916667 6
19.916667 6
24.875000 6
4.916667 0
4.958333 1
9.875000 1
5.000000 6
9.958333 6
9.916667 6
14.875000 6
5.000000 1
9.958333 1
10.000000 1
14.916667 1
9.958333 1
14.916667 1
14.958333 6
19.916667 6
4.958333 1
9.875000 1
9.916667 1
14.833333 1
9.916667 6
14.875000 6
14.875000 6
19.833333 6
10.000000 1
14.916667 1
14.958333 4
19.875000 4
14.958333 6
19.916667 6
19.916667 6
24.875000 6
4.958333 1
4.916667 0
9.875000 1
4.958333 1
9.916667 1
9.875000 1
14.833333 1
4.875000 0
9.916667 1
9.916667 0
14.916667 1
9.916667 1
14.875000 1
14.916667 1
19.875000 1
4.916667 1
9.875000 1
9.875000 0
14.833333 1
9.875000 1
14.833333 1
14.833333 1
19.791667 1
9.916667 1
14.916667 1
14.916667 0
19.875000 1
14.916667 1
19.875000 1
19.875000 1
24.833333 1
4.916667 1
4.958333 6
9.875000 6
4.916667 1
9.875000 1
9.875000 6
14.833333 6
4.916667 1
9.875000 1
9.958333 6
14.916667 6
9.875000 1
14.833333 1
14.916667 6
19.875000 6
4.875000 1
9.833333 1
9.916667 6
14.833333 6
9.833333 1
14.791667 1
14.833333 6
19.791667 6
9.916667 1
14.875000 1
14.958333 6
19.875000 6
14.875000 1
19.833333 1
19.875000 6
24.833333 6
4.916667 0
4.958333 4
9.875000 4
4.916667 0
9.875000 0
9.875000 4
14.833333 4
5.000000 4
9.958333 4
10.000000 4
14.916667 4
9.958333 4
14.916667 4
14.916667 4
19.875000 4
4.958333 0
9.875000 0
9.916667 0
14.833333 0
9.875000 0
14.833333 0
14.833333 0
19.791667 0
10.000000 4
14.916667 4
14.958333 0
19.875000 0
14.916667 4
19.875000 0
19.875000 0
24.833333 0
4.958333 4
4.916667 0
9.875000 4
4.958333 0
9.916667 0
9.875000 0
14.833333 0
4.958333 1
9.916667 1
9.958333 1
14.916667 4
9.916667 0
14.875000 0
14.916667 0
19.875000 0
4.916667 1
9.875000 4
9.875000 0
14.833333 4
9.875000 0
14.833333 0
14.833333 0
19.791667 0
9.958333 1
14.916667 4
14.916667 0
19.875000 4
14.916667 0
19.875000 0
19.875000 0
24.833333 0
4.916667 0
4.875000 0
9.833333 0
4.916667 1
9.875000 0
9.833333 1
14.791667 0
4.916667 0
9.875000 0
9.916667 0
14.875000 0
9.875000 0
14.833333 0
14.875000 1
19.833333 0
4.958333 1
9.875000 1
9.916667 1
14.833333 1
9.875000 1
14.833333 1
14.833333 1
19.791667 1
9.958333 1
14.916667 1
14.958333 1
19.875000 1
14.916667 1
19.875000 1
19.875000 1
24.833333 1
4.875000 0
5.000000 0
9.916667 0
4.958333 1
9.916667 1
9.916667 0
14.875000 0
4.958333 0
9.916667 0
10.000000 0
14.958333 0
9.916667 0
14.875000 0
14.958333 0
19.916667 0
4.916667 0
9.833333 0
9.958333 0
14.875000 0
9.875000 1
14.833333 1
14.875000 0
19.833333 0
9.958333 0
14.875000 0
15.000000 0
19.916667 0
14.916667 1
19.875000 1
19.916667 0
24.875000 0
5.000000 0
4.958333 6
9.916667 0
4.916667 0
9.958333 0
9.875000 6
14.875000 0
5.000000 6
9.958333 0
10.000000 6
14.958333 0
9.958333 6
14.916667 0
14.916667 6
19.916667 0
4.958333 6
9.916667 0
9.916667 6
14.875000 0
9.875000 6
14.875000 0
14.833333 6
19.833333 0
10.000000 6
14.958333 0
14.958333 7
19.916667 0
14.916667 6
19.916667 0
19.875000 7
24.875000 0
4.958333 6
5.000000 1
9.916667 1
4.958333 6
9.916667 6
9.916667 1
14.875000 1
4.958333 1
9.916667 1
10.000000 1
14.958333 1
9.916667 1
14.875000 1
14.958333 1
19.916667 1
4.916667 1
9.875000 6
9.958333 1
14.875000 1
9.875000 6
14.833333 6
14.875000 1
19.833333 1
9.958333 1
14.916667 6
15.000000 1
19.916667 1
14.916667 6
19.875000 6
19.916667 1
24.875000 1
4.875000 0
4.916667 0
9.833333 0
4.958333 4
9.916667 4
9.875000 4
14.833333 4
4.958333 0
9.916667 0
9.958333 0
14.875000 0
9.916667 0
14.875000 0
14.916667 4
19.875000 4
4.916667 0
9.833333 0
9.875000 0
14.791667 0
9.875000 4
14.833333 4
14.833333 4
19.791667 4
9.958333 0
14.875000 0
14.916667 0
19.833333 0
14.916667 4
19.875000 4
19.875000 4
24.833333 4
4.916667 0
4.958333 0
9.875000 0
4.916667 0
9.875000 0
9.875000 0
14.833333 0
4.916667 0
9.875000 0
9.958333 0
14.916667 0
9.875000 0
14.833333 0
14.916667 0
19.875000 0
4.958333 2
9.875000 2
9.916667 0
14.833333 0
9.875000 2
14.833333 2
14.833333 0
19.791667 0
9.958333 2
14.916667 2
14.958333 0
19.875000 0
14.916667 2
19.875000 2
19.875000 0
24.833333 0
4.958333 0
5.000000 4
9.916667 4
4.958333 2
9.916667 0
9.916667 4
14.875000 4
4.958333 0
9.916667 0
10.000000 4
14.958333 4
9.916667 0
14.875000 0
14.958333 4
19.916667 4
5.000000 7
9.916667 7
9.958333 4
14.875000 4
9.916667 7
14.875000 7
14.875000 4
19.833333 4
10.000000 7
14.958333 7
15.000000 4
19.916667 4
14.958333 7
19.916667 7
19.916667 4
24.875000 4
5.000000 4
4.958333 1
9.916667 4
5.000000 7
9.958333 4
9.916667 7
14.875000 4
4.916667 1
9.958333 4
9.958333 1
14.958333 4
9.958333 7
14.916667 4
14.958333 7
19.916667 4
4.958333 3
9.916667 4
9.916667 1
14.875000 4
9.916667 7
14.875000 4
14.875000 7
19.833333 4
9.958333 3
14.958333 4
14.958333 1
19.916667 4
14.958333 7
19.916667 4
19.916667 7
24.875000 4
4.958333 1
4.916667 1
9.875000 1
4.958333 3
9.916667 1
9.875000 3
14.833333 1
4.958333 1
9.916667 1
9.958333 1
14.916667 1
9.916667 1
14.875000 1
14.916667 3
19.875000 1
4.916667 1
9.875000 1
9.875000 1
14.833333 1
9.875000 3
14.833333 1
14.833333 3
19.791667 1
9.958333 1
14.916667 1
14.916667 1
19.875000 1
14.916667 3
19.875000 1
19.875000 3
24.833333 1
4.916667 1
4.958333 7
9.875000 7
4.916667 1
9.875000 1
9.875000 7
14.833333 7
4.916667 6
9.875000 1
9.958333 7
14.916667 7
9.875000 1
14.833333 1
14.916667 7
19.875000 7
4.875000 1
9.833333 1
9.916667 7
14.833333 7
9.833333 1
14.791667 1
14.833333 7
19.791667 7
9.916667 6
14.875000 1
14.958333 7
19.875000 7
14.875000 1
19.833333 1
19.875000 7
24.833333 7
4.916667 2
4.958333 4
9.875000 4
5.000000 2
9.958333 2
9.916667 2
14.875000 2
5.000000 5
9.958333 5
10.000000 5
14.916667 5
9.958333 2
14.916667 2
14.958333 2
19.916667 2
4.958333 5
9.875000 5
9.916667 4
14.833333 4
9.916667 2
14.875000 2
14.875000 2
19.833333 2
10.000000 5
14.916667 5
14.958333 4
19.875000 4
14.958333 2
19.916667 2
19.916667 2
24.875000 2
4.958333 4
4.916667 3
9.875000 4
4.958333 5
9.916667 4
9.875000 5
14.833333 4
4.958333 3
9.916667 3
9.958333 3
14.916667 4
9.916667 3
14.875000 3
14.916667 5
19.875000 4
5.000000 3
9.916667 3
9.958333 3
14.875000 3
9.916667 3
14.875000 3
14.875000 3
19.833333 3
10.000000 3
14.958333 3
15.000000 3
19.916667 3
14.958333 3
19.916667 3
19.916667 3
24.875000 3
4.916667 3
4.958333 2
9.875000 2
5.000000 3
9.958333 3
9.916667 3
14.875000 3
4.916667 2
9.875000 2
9.958333 2
14.916667 2
9.958333 3
14.916667 3
14.958333 3
19.916667 3
4.875000 2
9.833333 3
9.916667 2
14.833333 2
9.916667 3
14.875000 3
14.875000 3
19.833333 3
9.916667 2
14.875000 3
14.958333 2
19.875000 2
14.958333 3
19.916667 3
19.916667 3
24.875000 3
4.958333 2
4.916667 2
9.875000 2
4.875000 2
9.916667 2
9.833333 2
14.833333 2
4.958333 2
9.916667 2
9.958333 2
14.916667 2
9.916667 2
14.875000 2
14.875000 2
19.875000 2
4.916667 2
9.875000 2
9.875000 2
14.833333 2
9.833333 2
14.833333 2
14.791667 2
19.791667 2
9.958333 2
14.916667 2
14.916667 2
19.875000 2
14.875000 2
19.875000 2
19.833333 2
24.833333 2
4.916667 2
4.958333 2
9.875000 2
4.916667 2
9.875000 2
9.875000 2
14.833333 2
5.000000 7
9.958333 7
10.000000 7
14.916667 7
9.958333 7
14.916667 7
14.916667 7
19.875000 2
4.958333 7
9.875000 7
9.916667 2
14.833333 2
9.875000 7
14.833333 7
14.833333 2
19.791667 2
10.000000 7
14.916667 7
14.958333 2
19.875000 2
14.916667 7
19.875000 7
19.875000 2
24.833333 2
4.958333 3
4.916667 3
9.875000 3
4.958333 7
9.916667 3
9.875000 7
14.833333 3
4.958333 3
9.916667 3
9.958333 3
14.916667 3
9.916667 3
14.875000 3
14.916667 7
19.875000 3
4.916667 3
9.875000 3
9.875000 3
14.833333 3
9.875000 7
14.833333 3
14.833333 7
19.791667 3
9.958333 3
14.916667 3
14.916667 3
19.875000 3
14.916667 7
19.875000 3
19.875000 7
24.833333 3
4.875000 2
4.916667 2
9.833333 2
4.958333 5
9.916667 5
9.875000 5
14.833333 5
4.875000 2
9.833333 2
9.916667 2
14.875000 2
9.916667 5
14.875000 5
14.916667 5
19.875000 5
4.916667 2
9.833333 2
9.875000 2
14.791667 2
9.875000 5
14.833333 5
14.833333 5
19.791667 5
9.916667 2
14.875000 2
14.916667 2
19.833333 2
14.916667 5
19.875000 5
19.875000 5
24.833333 5
4.916667 2
4.958333 2
9.875000 2
4.916667 2
9.875000 2
9.875000 2
14.833333 2
5.000000 2
9.958333 2
10.000000 2
14.916667 2
9.958333 2
14.916667 2
14.916667 2
19.875000 2
4.958333 2
9.875000 2
9.916667 2
14.833333 2
9.875000 2
14.833333 2
14.833333 2
19.791667 2
10.000000 2
14.916667 2
14.958333 2
19.875000 2
14.916667 2
19.875000 2
19.875000 2
24.833333 2
4.958333 2
5.000000 5
9.916667 5
4.958333 2
9.916667 2
9.916667 5
14.875000 5
4.958333 5
9.916667 2
10.000000 5
14.958333 5
9.916667 2
14.875000 2
14.958333 5
19.916667 5
4.916667 2
9.875000 2
9.958333 5
14.875000 5
9.875000 2
14.833333 2
14.875000 5
19.833333 5
9.958333 5
14.916667 2
15.000000 5
19.916667 5
14.916667 2
19.875000 2
19.916667 5
24.875000 5
5.000000 5
4.958333 3
9.916667 5
4.916667 2
9.958333 5
9.875000 3
14.875000 5
5.000000 3
9.958333 3
10.000000 3
14.958333 5
9.958333 3
14.916667 3
14.916667 3
19.916667 5
4.958333 3
9.916667 5
9.916667 3
14.875000 5
9.875000 3
14.875000 5
14.833333 3
19.833333 5
10.000000 3
14.958333 5
14.958333 7
19.916667 5
14.916667 3
19.916667 5
19.875000 7
24.875000 5
4.958333 3
4.916667 2
9.875000 3
4.958333 3
9.916667 3
9.875000 3
14.833333 3
4.875000 2
9.916667 3
9.916667 2
14.916667 3
9.916667 3
14.875000 3
14.916667 3
19.875000 3
4.916667 3
9.875000 3
9.875000 2
14.833333 3
9.875000 3
14.833333 3
14.833333 3
19.791667 3
9.916667 3
14.916667 3
14.916667 2
19.875000 3
14.916667 3
19.875000 3
19.875000 3
24.833333 3
4.916667 3
4.875000 3
9.833333 3
4.916667 3
9.875000 3
9.833333 3
14.791667 3
4.916667 3
9.875000 3
9.916667 3
14.875000 3
9.875000 3
14.833333 3
14.875000 3
19.833333 3
4.875000 3
9.833333 3
9.833333 3
14.791667 3
9.833333 3
14.791667 3
14.791667 3
19.750000 3
9.916667 3
14.875000 3
14.875000 3
19.833333 3
14.875000 3
19.833333 3
19.833333 3
24.791667 3
