-41.169820 0
0.000000 0
5.224561 31
5.746638 24
2.157838 30
4.200312 12
1.740462 13
0.000000 2
3.021102 24
0.000000 2
0.000000 2
2.043490 30
0.000000 2
0.000000 2
0.000000 2
6.420381 25
0.000000 2
0.000000 2
5.000000 31
0.000000 2
0.000000 19
0.221941 13
0.000000 2
0.000000 31
0.000000 2
0.000000 2
0.000000 2
46.108280 31
0.000000 2
0.000000 2
5.693817 25
0.000000 2
0.000000 2
2.387330 1
0.000000 2
0.000000 2
0.000000 2
0.000000 2
0.000000 2
5.000000 0
0.000000 2
0.000000 2
2.625696 0
0.000000 2
0.000000 2
0.000000 2
0.000000 2
0.000000 2
0.000000 2
0.000000 2
0.653633 30
4.679919 25
0.000000 2
2.203458 13
3.491087 13
0.000000 2
3.998050 24
0.452649 12
0.000000 2
5.000000 30
-0.429670 2
0.000000 2
0.000000 2
5.714538 25
0.000000 2
-0.222397 2
5.000000 13
0.000000 2
0.202200 18
2.635935 25
0.000000 2
2.425855 18
0.000000 12
0.000000 2
0.000000 2
40.414463 31
0.000000 2
0.000000 2
5.238366 13
0.000000 2
0.000000 2
5.000000 13
0.000000 2
0.000000 2
0.000000 12
0.000000 2
0.000000 2
0.000000 25
0.000000 2
0.000000 2
2.625696 0
0.000000 2
0.000000 2
2.625696 0
0.000000 2
0.000000 2
0.368694 12
0.000000 2
0.000000 2
3.555023 25
0.000000 2
0.407453 25
5.369578 25
0.000000 2
3.163351 24
3.065605 12
0.000000 2
5.000000 12
0.297249 30
0.000000 2
0.000000 2
5.000000 25
0.000000 2
0.000000 2
5.894191 13
0.000000 2
0.000000 2
5.000000 13
0.000000 2
2.425855 18
2.764410 12
0.000000 2
0.000000 2
35.176097 0
0.000000 2
0.000000 2
5.500000 13
0.000000 2
0.000000 2
5.000000 13
1.151264 13
0.000000 2
3.576443 12
0.353438 13
0.000000 2
3.678794 0
0.000000 2
0.000000 2
0.000000 13
0.000000 2
0.000000 2
2.311911 0
0.000000 2
0.000000 2
2.311911 18
0.000000 2
0.000000 2
3.980505 30
0.000000 2
0.000000 2
3.980505 13
0.000000 2
1.065667 24
4.282975 13
0.000000 2
5.129441 12
5.000000 0
1.030886 31
0.000000 2
5.000000 31
0.000000 2
0.000000 2
5.000000 13
0.000000 2
0.000000 2
5.000000 13
0.295729 31
1.580770 18
4.022728 13
1.642451 31
0.000000 2
5.000000 0
0.000000 2
0.000000 2
5.000000 13
0.000000 2
0.000000 2
5.000000 13
1.102823 13
0.000000 2
1.795322 13
2.186196 13
0.000000 2
0.000000 0
0.000000 2
0.000000 2
0.000000 0
0.000000 2
0.000000 2
0.000000 12
0.000000 2
0.000000 2
0.000000 12
0.000000 2
6.373611 24
0.000000 2
2.310945 30
5.000000 24
0.000000 2
0.194733 30
5.000000 24
0.000000 2
0.000000 2
5.000000 30
0.000000 2
0.000000 2
1.925855 31
5.375323 19
2.897382 30
2.425855 18
0.219958 31
0.000000 2
2.440412 24
0.000000 2
0.000000 2
2.425855 18
0.000000 2
0.000000 2
0.000000 2
51.483603 19
0.000000 2
0.000000 2
5.000000 31
0.000000 2
0.000000 2
0.000000 2
0.000000 2
0.000000 2
0.000000 2
0.000000 2
0.000000 2
10.000000 19
0.000000 2
0.000000 2
0.219958 13
0.000000 2
0.000000 2
0.000000 2
0.000000 2
0.000000 2
0.000000 2
0.000000 2
5.000000 24
0.000000 2
0.000000 2
5.000000 12
0.000000 2
0.000000 2
5.000000 12
0.000000 2
0.000000 2
5.000000 12
0.000000 2
0.000000 2
0.000000 2
4.073308 25
0.000000 2
1.017947 31
5.000000 0
0.000000 2
3.324897 24
0.000000 2
0.000000 2
5.000000 18
0.000000 2
0.000000 2
0.000000 2
41.963147 19
0.000000 2
0.000000 2
5.500000 19
0.000000 2
0.000000 2
0.000000 2
0.000000 2
0.000000 2
0.000000 2
0.000000 2
0.000000 2
7.862386 7
0.000000 2
0.000000 2
1.890297 0
0.000000 2
0.000000 2
0.000000 2
0.000000 2
0.000000 2
0.000000 2
0.000000 2
0.000000 2
-0.345710 2
0.000000 2
2.670429 25
0.000000 2
0.000000 2
5.000000 24
-0.999893 2
0.000000 2
5.000000 12
0.000000 2
0.000000 2
0.000000 2
1.740462 14
0.000000 2
0.000000 2
2.574145 13
0.000000 2
2.693050 6
1.888545 25
0.000000 2
5.000000 12
0.000000 2
0.000000 2
0.000000 2
31.497302 19
0.000000 2
0.000000 2
5.500000 13
0.000000 2
0.000000 2
5.000000 25
0.000000 2
0.000000 2
2.425855 12
0.000000 2
0.000000 2
5.972089 18
0.000000 2
0.000000 2
5.280042 13
0.000000 2
0.000000 2
4.737766 13
0.000000 2
0.000000 2
2.198649 12
0.540379 13
0.000000 2
0.000000 30
0.000000 2
0.258382 25
-0.000000 30
0.000000 2
3.576443 12
1.740442 30
0.000000 2
5.000000 12
-0.968439 2
0.000000 2
0.000000 2
2.425855 18
0.000000 2
0.000000 2
2.693050 18
0.000000 2
0.000000 2
4.500000 19
0.000000 2
3.425351 1
2.227405 0
0.610101 19
0.000000 2
5.000000 0
0.000000 2
0.000000 2
5.000000 13
0.000000 2
0.000000 2
5.000000 13
0.871367 13
0.000000 2
3.208995 13
1.449582 13
0.000000 2
4.258712 18
0.000000 2
0.000000 2
0.000000 13
0.000000 2
0.000000 2
0.000000 18
0.000000 2
0.000000 2
2.295322 1
0.000000 2
5.271725 24
0.000000 2
0.000000 2
5.000000 24
0.000000 2
0.000000 2
5.000000 24
0.000000 2
0.000000 2
5.000000 0
0.000000 2
0.000000 2
5.000000 18
0.000000 2
0.000000 2
5.000000 24
0.000000 2
0.000000 2
4.661662 24
0.000000 2
0.000000 2
5.000000 1
0.000000 2
0.000000 2
2.425855 1
29.898693 19
0.000000 2
0.000000 2
0.000000 2
0.000000 2
0.000000 2
0.000000 2
0.000000 2
0.000000 2
0.000000 2
0.000000 2
1.740462 24
0.000000 2
0.000000 2
0.000000 2
0.000000 2
0.000000 2
0.000000 2
0.000000 2
0.000000 2
0.000000 2
0.000000 2
0.000000 2
5.000000 24
0.000000 2
0.000000 2
5.000000 12
0.000000 2
0.000000 2
5.000000 12
0.000000 2
0.000000 2
5.000000 12
0.000000 2
0.000000 2
0.000000 24
0.000000 2
0.000000 2
5.000000 18
0.000000 2
0.000000 2
5.000000 24
0.000000 2
0.000000 2
5.000000 12
0.000000 2
0.000000 2
0.000000 2
31.614523 19
0.000000 2
0.000000 2
5.000000 1
0.000000 2
0.000000 30
0.219958 13
0.000000 2
-0.000000 31
0.000000 2
0.000000 2
5.000000 0
0.000000 2
0.000000 2
0.000000 2
0.000000 2
0.000000 2
0.000000 2
0.000000 2
0.000000 2
0.000000 2
0.000000 2
0.000000 2
3.025937 14
0.000000 2
0.000000 2
5.000000 12
0.000000 2
0.000000 2
5.000000 12
0.000000 2
0.000000 2
5.000000 12
0.000000 2
0.000000 2
0.000000 2
0.000000 2
0.000000 2
0.000000 2
0.000000 2
0.000000 2
5.000000 30
-0.947084 2
0.000000 2
5.000000 12
0.000000 2
0.000000 2
0.000000 2
17.763053 19
0.000000 2
0.000000 2
0.219958 13
0.000000 2
3.193050 16
0.000000 30
0.000000 2
5.000000 0
-1.357413 2
0.000000 2
0.000000 2
1.013241 19
0.000000 2
0.000000 2
2.114415 0
0.000000 2
0.000000 2
1.664996 24
0.000000 2
0.000000 1
0.000000 2
0.000000 2
0.000000 2
0.000000 2
0.000000 2
2.425855 12
0.000000 2
0.000000 2
5.000000 12
0.000000 2
0.000000 2
5.000000 12
0.000000 2
0.000000 2
0.000000 2
0.000000 2
0.000000 2
0.000000 2
0.000000 2
0.000000 2
2.425855 12
0.000000 2
0.000000 2
5.000000 18
0.000000 2
0.000000 2
0.000000 2
1.882818 1
0.000000 2
0.000000 2
5.000000 0
0.000000 2
0.000000 2
5.000000 31
0.418141 31
3.925351 12
2.601728 12
0.391746 31
0.000000 2
2.885585 19
0.000000 2
0.000000 2
5.000000 0
0.000000 2
0.000000 2
4.897050 13
0.000000 2
0.000000 2
3.708995 12
1.985296 13
0.271725 7
0.000000 2
0.000000 2
0.000000 7
0.000000 2
0.000000 2
0.000000 7
0.000000 2
0.000000 2
0.000000 7
0.000000 2
0.000000 2
2.574145 7
1.740462 19
0.234956 18
5.000000 0
0.000000 2
0.000000 2
1.740462 7
0.000000 2
0.000000 2
0.000000 18
0.000000 2
0.000000 2
0.000000 2
18.390717 25
0.000000 2
0.000000 2
5.000000 1
0.000000 2
0.000000 2
0.000000 2
0.000000 2
0.000000 2
0.000000 2
0.000000 2
0.000000 2
5.000000 1
0.000000 2
0.000000 2
0.219958 19
0.000000 2
0.000000 2
0.000000 2
0.000000 2
0.000000 2
0.000000 2
0.000000 2
0.000000 24
0.000000 2
0.000000 2
0.000000 24
0.000000 2
0.000000 2
0.000000 24
0.000000 2
0.000000 2
0.000000 7
0.000000 2
0.000000 2
0.000000 2
0.000000 2
0.000000 2
3.259538 18
0.000000 2
0.000000 2
5.000000 24
0.000000 2
0.000000 2
5.000000 18
0.000000 2
0.000000 2
0.000000 2
17.858712 19
0.000000 2
0.219958 24
0.219958 13
0.000000 2
5.000000 18
0.000000 2
0.000000 2
5.000000 0
0.000000 2
0.000000 2
0.000000 2
0.000000 2
0.000000 2
0.000000 2
2.431167 24
0.000000 2
0.000000 2
0.000000 2
0.000000 2
0.500000 7
0.000000 2
0.000000 2
26.460261 24
0.000000 2
0.000000 2
31.513935 0
0.000000 2
0.000000 2
35.406244 24
0.000000 2
0.000000 2
32.832099 12
0.000000 2
0.000000 2
20.960593 24
0.000000 2
0.000000 2
35.415567 24
0.000000 2
0.000000 2
46.290178 24
0.000000 2
0.000000 2
43.864323 12
0.000000 2
0.000000 2
0.000000 2
0.000000 2
0.000000 2
33.956480 24
0.000000 2
0.000000 2
51.340723 24
0.000000 2
0.000000 2
56.340723 0
0.000000 2
0.000000 2
12.119042 24
0.000000 2
0.000000 2
24.581133 18
0.000000 2
0.000000 2
51.022983 24
0.500000 24
0.000000 2
56.340723 0
0.000000 2
0.000000 2
0.000000 2
0.000000 2
0.000000 2
0.324030 12
0.000000 2
0.000000 2
2.574145 12
0.000000 2
0.000000 2
0.000000 12
0.000000 2
0.000000 2
0.000000 2
0.000000 2
0.000000 2
0.000000 2
0.000000 2
0.000000 2
2.425855 12
0.000000 2
0.000000 2
2.435283 12
0.000000 2
0.000000 2
0.000000 2
0.219958 24
0.000000 2
0.000000 2
0.000000 2
0.000000 2
1.859470 24
0.738884 18
0.000000 2
5.127645 12
0.000000 2
0.000000 2
0.000000 2
0.000000 2
0.000000 2
0.000000 2
5.000000 6
0.000000 2
0.000000 2
5.500000 19
0.000000 2
4.425351 18
0.000000 2
3.694968 13
